4 0.23988913525498892 0.41765104166666667 0.10546563192904655 0.16897395833333334
16 0.35318181818181815 0.40809375 0.09913525498891353 0.15308333333333335
6 0.4618957871396896 0.415171875 0.08227272727272726 0.15436979166666667
8 0.5575942350332594 0.4133020833333333 0.08597560975609755 0.15255729166666668
5 0.6805543237250554 0.41903124999999997 0.07567627494456763 0.14470833333333333
7 0.7748780487804878 0.4117604166666667 0.08210643015521064 0.14175000000000001
7 0.7003547671840356 0.5581614583333334 0.07005543237250554 0.11207291666666667
15 0.6005321507760532 0.5552708333333333 0.06580931263858093 0.11659375000000001
15 0.5016075388026607 0.5571145833333334 0.07824833702882483 0.12147395833333333
15 0.41818181818181815 0.5743697916666667 0.07480044345898004 0.12326041666666666
14 0.32241685144124166 0.5740729166666667 0.10621951219512195 0.126234375
5 0.21337028824833704 0.578359375 0.08825942350332594 0.14670312500000002
15 0.6434146341463415 0.6805104166666667 0.06273835920177384 0.10486458333333333
15 0.5523170731707318 0.6979010416666667 0.0815410199556541 0.10597916666666667
15 0.46043237250554325 0.6987395833333333 0.0758869179600887 0.10205208333333333
15 0.2882039911308204 0.7141666666666667 0.08066518847006653 0.1090625
15 0.38321507760532153 0.7144479166666666 0.06573170731707317 0.10588541666666668