0 0.26151884700665184 0.349421875 0.11088691796008869 0.13119791666666666
0 0.37086474501108646 0.34976041666666663 0.09534368070953436 0.12755208333333334
0 0.47567627494456766 0.3505052083333334 0.09309312638580931 0.12903125000000001
0 0.5762195121951219 0.3599322916666667 0.09810421286031042 0.13985937499999998
0 0.7058314855875831 0.352734375 0.0967738359201774 0.15080208333333334
0 0.8026053215077605 0.34952083333333334 0.09161862527716186 0.14931770833333333
0 0.7780709534368071 0.49869270833333335 0.08070953436807095 0.12495833333333332
0 0.6776053215077605 0.5040677083333333 0.09953436807095344 0.12705729166666666
0 0.5756319290465632 0.49346875 0.07718403547671841 0.12007291666666667
0 0.48502217294900224 0.5035729166666667 0.08941241685144125 0.12977604166666665
0 0.3832372505543237 0.4876302083333333 0.09508869179600886 0.12014062499999999
0 0.28395787139689577 0.486359375 0.08733924611973393 0.11822395833333334
0 0.2923835920177384 0.6206041666666666 0.08839246119733925 0.10789583333333333
0 0.3801441241685144 0.6226770833333333 0.08231707317073171 0.102765625
0 0.4692239467849224 0.6347916666666666 0.08941241685144125 0.10473958333333333
0 0.565410199556541 0.6223072916666667 0.07386917960088692 0.10696875
0 0.6610753880266075 0.6260156250000001 0.0783259423503326 0.10944270833333333
0 0.7442350332594234 0.6277447916666666 0.08147450110864744 0.11290104166666667