4 0.2783370288248337 0.31141145833333334 0.08317073170731706 0.09554166666666666
16 0.3614412416851441 0.3178697916666666 0.07218403547671841 0.09973958333333334
16 0.4306541019955654 0.31708333333333333 0.0646119733924612 0.09988020833333335
6 0.4995454545454545 0.31706249999999997 0.06231707317073171 0.10715104166666665
5 0.5693902439024391 0.3168020833333333 0.06834811529933481 0.10491145833333333
7 0.6434035476718404 0.31577083333333333 0.0689689578713969 0.10801041666666666
7 0.6385144124168515 0.4223072916666667 0.05825942350332594 0.08968229166666666
15 0.5678824833702882 0.421296875 0.05891352549889135 0.09239583333333333
14 0.5014190687361418 0.44092708333333336 0.06881374722838138 0.08821875
14 0.4346341463414634 0.43155208333333334 0.0588470066518847 0.086671875
5 0.3660975609756098 0.426265625 0.06825942350332594 0.09157812500000001
5 0.2896563192904656 0.41588020833333333 0.06735033259423504 0.09790625
15 0.29954545454545456 0.5268697916666667 0.0578270509977827 0.08202604166666667
14 0.36362527716186255 0.5335520833333334 0.06514412416851441 0.08034895833333335
14 0.43201773835920176 0.5334479166666667 0.06824833702882484 0.08056250000000001
14 0.5054878048780488 0.5473020833333333 0.06596452328159645 0.086765625
15 0.6368070953436806 0.519 0.05983370288248337 0.08053125
15 0.570011086474501 0.5212395833333333 0.0580709534368071 0.07916666666666666