0 0.19982407407407407 0.33114062499999997 0.10568518518518519 0.15824479166666666
0 0.30395370370370367 0.3189375 0.08964814814814814 0.161625
0 0.3961944444444444 0.32445833333333335 0.08455555555555555 0.140375
0 0.5227592592592593 0.33275520833333333 0.07335185185185185 0.14119791666666667
0 0.6028518518518519 0.33114062499999997 0.06266666666666668 0.13421354166666666
0 0.6750648148148148 0.3278020833333333 0.06559259259259259 0.12227604166666667
0 0.657787037037037 0.4903385416666667 0.06172222222222222 0.12820833333333334
0 0.5790185185185186 0.49450520833333333 0.06974074074074073 0.13128125
0 0.4929907407407407 0.48857812500000003 0.06988888888888889 0.120921875
0 0.41483333333333333 0.49368229166666666 0.07777777777777778 0.122125
0 0.31758333333333333 0.49912500000000004 0.07686111111111112 0.12925520833333332
0 0.22126851851851853 0.5117395833333334 0.0965 0.130453125
0 0.1963703703703704 0.6597135416666667 0.07475 0.11025520833333333
0 0.28714814814814815 0.649390625 0.06938888888888889 0.10688020833333334
0 0.6043888888888889 0.6199947916666667 0.06706481481481483 0.10441145833333333
0 0.5273611111111111 0.6101979166666667 0.04919444444444444 0.10058333333333333
0 0.3781851851851852 0.6305468750000001 0.05923148148148148 0.10072916666666668
0 0.4511388888888889 0.6184947916666667 0.0702962962962963 0.10741145833333333