14 0.11042128603104212 0.11877083333333333 0.1332039911308204 0.18155208333333334
15 0.3500886917960088 0.12741666666666665 0.1165521064301552 0.19060937500000003
15 0.46009977827050996 0.129375 0.0996119733924612 0.17941145833333336
15 0.6030376940133039 0.3236875 0.10495565410199557 0.17121875
15 0.4851995565410199 0.3205104166666667 0.09981152993348115 0.172734375
5 0.3738026607538803 0.31612500000000004 0.09722838137472284 0.16758854166666665
5 0.27752771618625277 0.32837500000000003 0.09529933481152993 0.17213020833333334
5 0.707350332594235 0.318390625 0.09208425720620843 0.16970833333333332
14 0.14069844789356983 0.3318541666666667 0.13715077605321507 0.17666666666666667
6 0.398780487804878 0.5129583333333333 0.10127494456762749 0.16015625
7 0.2898115299334812 0.5161458333333333 0.10760532150776053 0.16907291666666666
0 0.5609423503325943 0.866796875 0.14580931263858093 0.14208854166666668
4 0.5748780487804878 0.11317187499999999 0.11856984478935699 0.17147395833333334
4 0.6987361419068736 0.12261458333333333 0.1202549889135255 0.166578125