11 0.22591814159292034 0.22011979166666668 0.07603982300884955 0.14946875
15 0.1360287610619469 0.398890625 0.09525442477876106 0.14541145833333333
15 0.28746681415929204 0.39744270833333334 0.09594026548672567 0.14460416666666667
15 0.3854646017699115 0.3924166666666667 0.0870353982300885 0.14356249999999998
12 0.4872013274336283 0.39934895833333334 0.07676991150442479 0.14425
15 0.5703318584070797 0.40404687499999997 0.0877212389380531 0.1451875
6 0.20279867256637168 0.7754322916666666 0.0735066371681416 0.12400000000000001
10 0.8650995575221239 0.64590625 0.10754424778761063 0.12025
6 0.24305309734513275 0.9108489583333333 0.059811946902654865 0.14319791666666667
14 0.22409292035398232 0.5890677083333333 0.09132743362831859 0.14413541666666668
14 0.10925884955752212 0.537859375 0.07949115044247787 0.13130208333333332
14 0.12408185840707965 0.698453125 0.08293141592920354 0.13569791666666667