0 0.15174057649667405 0.14863020833333335 0.10711751662971175 0.14616666666666667
0 0.2814745011086474 0.14815625 0.10470066518847006 0.13808333333333334
0 0.4267184035476718 0.161765625 0.15480044345898003 0.13974999999999999
0 0.5923170731707317 0.176921875 0.14945676274944567 0.13558333333333333
0 0.37643015521064305 0.30340625 0.04915742793791575 0.12524479166666666
0 0.2582594235033259 0.4412083333333333 0.12532150776053216 0.12566145833333334
0 0.3928048780487805 0.4310208333333333 0.14262749445676276 0.12607812499999999
0 0.2731818181818182 0.6950052083333333 0.0772949002217295 0.11620833333333333
0 0.4139911308203991 0.7038854166666667 0.08506651884700665 0.116984375
0 0.5541574279379158 0.5776302083333333 0.037039911308203985 0.105921875
0 0.5991352549889135 0.6969427083333334 0.0938359201773836 0.10640104166666667