0 0.3287695749440716 0.34267187499999996 0.06404921700223713 0.12221354166666668
0 0.41340044742729304 0.3444375 0.08497762863534676 0.12205208333333334
0 0.48375838926174497 0.34338541666666667 0.05021252796420582 0.11783854166666667
0 0.5637919463087248 0.34304166666666663 0.07668903803131992 0.11346354166666667
0 0.7142505592841163 0.3397760416666667 0.06285234899328859 0.11114583333333333
0 0.6342729306487696 0.33734895833333334 0.057997762863534676 0.11261979166666666
0 0.40054809843400446 0.48151041666666666 0.07626398210290829 0.11151562500000001
0 0.4761744966442953 0.47879166666666667 0.06788590604026845 0.11188020833333333
0 0.5484116331096197 0.476890625 0.06742729306487696 0.10808333333333334
0 0.6242058165548098 0.46919791666666666 0.06616331096196867 0.111671875
0 0.6870917225950783 0.4606822916666667 0.04815436241610738 0.10044791666666668
0 0.5454026845637584 0.5876510416666666 0.06708053691275168 0.09659375
0 0.4777069351230425 0.594875 0.05848993288590604 0.09521874999999999
0 0.40451901565995524 0.6004895833333334 0.0762751677852349 0.08905208333333332
0 0.33172259507829976 0.5975104166666667 0.05523489932885906 0.09205729166666667