0 0.29257812499999997 0.37909313725490196 0.07020833333333333 0.16486519607843136
0 0.380546875 0.35692401960784315 0.0653125 0.16799019607843138
0 0.45390625 0.3501348039215686 0.07989583333333333 0.15276960784313726
0 0.562109375 0.3491544117647059 0.07901041666666667 0.14099264705882353
0 0.7657552083333333 0.332953431372549 0.09166666666666667 0.13150735294117646
0 0.666328125 0.33897058823529413 0.08057291666666667 0.13780637254901962
0 0.455546875 0.5189093137254902 0.08494791666666666 0.13199754901960783
0 0.38408854166666667 0.5413235294117648 0.056796875 0.14082107843137254
0 0.5570572916666666 0.5095098039215686 0.058515624999999995 0.11481617647058823
0 0.62625 0.499203431372549 0.050859375000000005 0.10401960784313725
0 0.6027083333333333 0.649031862745098 0.08544270833333334 0.10343137254901962