7 0.8419068736141907 0.3926458333333333 0.0632039911308204 0.1303125
5 0.7303658536585366 0.40494270833333335 0.10186252771618624 0.131484375
8 0.6104212860310422 0.39684375000000005 0.07592017738359202 0.13675520833333332
6 0.5280709534368071 0.38874479166666664 0.06284922394678492 0.14202604166666666
16 0.4361640798226164 0.3931354166666667 0.10544345898004434 0.14494791666666668
16 0.32016629711751665 0.39557291666666666 0.0915410199556541 0.147875
5 0.2943015521064301 0.5475989583333334 0.08344789356984479 0.14356770833333332
14 0.39390243902439026 0.5641875 0.08529933481152993 0.126
14 0.49629711751662975 0.5686770833333333 0.086529933481153 0.11936458333333334
14 0.5490465631929047 0.6897291666666666 0.09233924611973393 0.11067708333333333
15 0.5922505543237251 0.5539114583333333 0.07073170731707316 0.10836979166666666
15 0.6689911308203991 0.5437135416666667 0.06842572062084257 0.10847395833333334
15 0.7235144124168514 0.6661145833333334 0.06738359201773836 0.102484375
15 0.6478048780487805 0.6874322916666666 0.06760532150776052 0.109015625
15 0.45589800443458983 0.700265625 0.06597560975609756 0.11613541666666666
15 0.3597339246119734 0.7078749999999999 0.085509977827051 0.11574479166666667
15 0.27457871396895783 0.7146562500000001 0.073059866962306 0.11466666666666667
7 0.7920842572062085 0.5432447916666666 0.06767184035476718 0.10778125