0 0.4293400447427293 0.38267708333333333 0.05540268456375839 0.10180208333333333
0 0.553109619686801 0.37909375 0.05678970917225951 0.09606770833333332
0 0.6635682326621924 0.3764895833333333 0.04724832214765101 0.08965624999999999
0 0.6063422818791947 0.377984375 0.04456375838926175 0.09183333333333334
0 0.5973825503355704 0.48434895833333336 0.05262863534675615 0.08872916666666668
0 0.5373042505592841 0.49082291666666666 0.04596196868008949 0.08675000000000001
0 0.47920581655480987 0.49128645833333334 0.05541387024608501 0.09130729166666667
0 0.419910514541387 0.49707291666666664 0.0624496644295302 0.09037500000000001
0 0.5373042505592841 0.585265625 0.04596196868008949 0.08440625
0 0.4830201342281879 0.5925052083333333 0.0491834451901566 0.08960416666666667
0 0.41748322147651007 0.6010416666666667 0.05065995525727069 0.07803645833333334