16 0.26487584650112866 0.4527395833333333 0.11071106094808127 0.16104687499999998
7 0.38326185101580135 0.4593697916666667 0.07872460496613995 0.18276041666666665
6 0.4820090293453725 0.45570312500000004 0.09541760722347631 0.17542708333333332
4 0.5963882618510158 0.461625 0.12626410835214447 0.17599479166666668
11 0.8071331828442438 0.46578125 0.10183972911963883 0.17444270833333334
12 0.7072460496613996 0.45528124999999997 0.09142212189616253 0.166125
12 0.7872009029345373 0.6617604166666666 0.10690744920993228 0.16046354166666665
12 0.3028555304740406 0.6282447916666667 0.10031602708803611 0.14033854166666665
12 0.7869300225733634 0.7987968750000001 0.08994356659142212 0.11032291666666666
11 0.6882392776523701 0.7990520833333333 0.09268623024830701 0.14449479166666668
12 0.5971218961625282 0.7709895833333333 0.07451467268623024 0.13028645833333333