15 0.31167964404894327 0.41304166666666664 0.07770856507230256 0.10758333333333334
15 0.3972525027808676 0.412875 0.07777530589543938 0.10724479166666666
15 0.5680645161290323 0.41015104166666666 0.07348164627363737 0.107078125
15 0.7455506117908788 0.5357968750000001 0.07660734149054506 0.10775
15 0.6505228031145718 0.5349166666666666 0.0710678531701891 0.10515104166666665
15 0.5688654060066741 0.5346875 0.07345939933259178 0.10469270833333333
14 0.484972191323693 0.5364947916666666 0.0846273637374861 0.10502083333333333
14 0.39844271412680754 0.5384375 0.07525027808676307 0.10277604166666668
14 0.31669632925472746 0.5383333333333333 0.07985539488320356 0.10256770833333334
14 0.3338932146829811 0.6538229166666666 0.06729699666295884 0.09643229166666667
15 0.41251390433815355 0.6525208333333333 0.07066740823136819 0.08922916666666666
15 0.4928364849833148 0.6507552083333333 0.061056729699666294 0.0964375