15 0.19241685144124168 0.3480729166666666 0.09282705099778271 0.13216666666666665
15 0.3807427937915743 0.3431770833333333 0.08363636363636363 0.122875
15 0.4746784922394679 0.34491145833333337 0.08554323725055432 0.12784895833333335
15 0.5944456762749446 0.3419739583333333 0.07925720620842572 0.13051041666666668
15 0.6961419068736141 0.34164583333333337 0.08277161862527715 0.12634375
15 0.6657871396895787 0.4674791666666666 0.07337028824833704 0.11640104166666668
15 0.5819955654101996 0.4703177083333333 0.08107538802660753 0.115546875
15 0.4903325942350332 0.48906770833333335 0.07088691796008868 0.10835937500000001
15 0.40115299334811527 0.481484375 0.07314855875831486 0.116296875
15 0.3065631929046563 0.485203125 0.08278270509977827 0.10966666666666666
15 0.207549889135255 0.499890625 0.08248337028824834 0.116453125
15 0.23501108647450109 0.6253437500000001 0.07542128603104213 0.10173958333333334
15 0.3245232815964524 0.6120677083333333 0.06739467849223947 0.09978125
15 0.40811529933481155 0.6141510416666667 0.07211751662971175 0.09842708333333333
15 0.49634146341463414 0.6086510416666666 0.0743458980044346 0.09897916666666666
15 0.5778824833702882 0.6089791666666666 0.06855875831485587 0.09913020833333334
15 0.6647117516629713 0.603453125 0.06587583148558758 0.10214583333333334