4 0.07801587301587301 0.4421759259259259 0.13345238095238096 0.16988888888888887
16 0.21224206349206348 0.4340277777777778 0.12055555555555555 0.15357407407407409
6 0.34910714285714284 0.44065740740740744 0.11930555555555557 0.14680555555555558
5 0.5069246031746032 0.45660185185185187 0.10115079365079364 0.15644444444444444
8 0.6285119047619048 0.4550462962962963 0.11226190476190476 0.14591666666666667
7 0.7609920634920635 0.4363518518518518 0.11811507936507937 0.1382037037037037
7 0.6929563492063492 0.5904166666666667 0.08380952380952382 0.09474074074074074
7 0.4536904761904762 0.599175925925926 0.09321428571428571 0.1033425925925926
6 0.5848015873015873 0.5956851851851852 0.09797619047619048 0.09785185185185186
14 0.32835317460317465 0.5971666666666667 0.09849206349206349 0.10082407407407408
14 0.2221825396825397 0.6093703703703703 0.0896031746031746 0.09184259259259259
15 0.10759920634920635 0.5976111111111111 0.11154761904761905 0.12840740740740741
5 0.22712301587301587 0.7303148148148149 0.08992063492063491 0.10453703703703704
5 0.3506150793650794 0.7341018518518518 0.07940476190476191 0.08985185185185186
5 0.4421626984126984 0.7200092592592593 0.07811507936507936 0.09430555555555555
15 0.640515873015873 0.7046944444444445 0.07428571428571427 0.07925
15 0.5443650793650794 0.7026944444444444 0.07587301587301588 0.07079629629629629