0 0.22334811529933482 0.299140625 0.08321507760532151 0.1548125
0 0.3142128603104213 0.3008645833333333 0.08920177383592016 0.15199479166666666
0 0.4493569844789357 0.298515625 0.09453436807095343 0.1560625
0 0.5582039911308204 0.3114947916666667 0.09253880266075389 0.16075
0 0.6603880266075387 0.2905416666666667 0.10651884700665189 0.15386979166666667
0 0.7758869179600887 0.30148958333333337 0.09253880266075389 0.1595
0 0.7732483370288249 0.4735729166666667 0.09515521064301552 0.14392708333333332
0 0.658359201773836 0.46920833333333334 0.10366962305986697 0.14465104166666667
0 0.5508314855875832 0.46484895833333334 0.08974501108647451 0.138109375
0 0.4413636363636364 0.4779322916666667 0.090509977827051 0.14029166666666668
0 0.3318847006651885 0.470484375 0.08509977827050999 0.13847395833333334
0 0.2251330376940133 0.46703125 0.08509977827050999 0.141015625
0 0.23324833702882483 0.6145885416666667 0.07349223946784923 0.13520312499999998
0 0.32569844789356983 0.6058645833333334 0.08974501108647451 0.12647916666666667
0 0.4502549889135255 0.620765625 0.08045454545454545 0.138109375
0 0.5361308203991131 0.617859375 0.07736141906873614 0.13665625
0 0.6343791574279379 0.6209479166666667 0.0881929046563193 0.131203125
0 0.7473281596452328 0.625671875 0.08974501108647451 0.13193229166666667
0 0.7615188470066518 0.7997447916666667 0.08124168514412416 0.12897916666666667