15 0.23925720620842572 0.41208333333333336 0.07348115299334812 0.11769791666666667
4 0.3085033259423503 0.37881770833333334 0.06470066518847006 0.104484375
16 0.386629711751663 0.38690104166666667 0.07960088691796008 0.10709895833333333
16 0.46554323725055435 0.39088541666666665 0.07445676274944567 0.10490624999999999
5 0.5504323725055432 0.39232812499999997 0.07114190687361419 0.107796875
5 0.6375166297117516 0.39221874999999995 0.07079822616407982 0.100796875
7 0.7058758314855876 0.38055729166666663 0.06329268292682927 0.10389583333333333
7 0.8132594235033259 0.39652604166666666 0.07453436807095344 0.11180729166666666
14 0.31927937915742793 0.515984375 0.06911308203991132 0.089234375
14 0.391430155210643 0.5156041666666666 0.07074279379157428 0.09176041666666666
14 0.4717960088691796 0.5109322916666666 0.07592017738359202 0.0923125
14 0.5438470066518847 0.5120208333333334 0.06216186252771619 0.09833333333333334
14 0.6140576496674057 0.5131302083333333 0.07392461197339247 0.09670312499999999
14 0.6922283813747229 0.5092135416666667 0.07474501108647451 0.09106770833333333
15 0.3302217294900222 0.6143385416666667 0.062960088691796 0.10060416666666666
15 0.39440133037694014 0.6114270833333334 0.06190687361419069 0.096078125
15 0.4619179600886918 0.609953125 0.06337028824833703 0.09765104166666667
15 0.5343458980044347 0.6104375 0.08016629711751663 0.09668229166666667
15 0.6096563192904656 0.6088854166666666 0.06281596452328159 0.093578125
15 0.6779711751662971 0.6104270833333333 0.06864745011086475 0.096015625
15 0.7092350332594235 0.729125 0.05697339246119734 0.044895833333333336
15 0.6484257206208426 0.7310833333333334 0.05710643015521064 0.048192708333333334
15 0.5914523281596452 0.7314739583333334 0.06492239467849224 0.04282291666666667
15 0.5264523281596453 0.7342604166666666 0.0566740576496674 0.04839583333333333
15 0.46965631929046564 0.7345989583333333 0.054368070953436806 0.0496875
15 0.4124390243902439 0.7388697916666668 0.05777161862527716 0.04901041666666666
15 0.3515853658536585 0.739546875 0.055199556541019955 0.05158854166666667