6 0.05117519042437432 0.31193229166666664 0.10065288356909684 0.19634895833333335
6 0.15985854189336235 0.3070729166666667 0.10825897714907508 0.19796875
5 0.266006528835691 0.29978645833333334 0.09726877040261153 0.19068229166666667
5 0.3920348204570185 0.3139583333333333 0.10572361262241567 0.1890625
14 0.5903699673558215 0.3032291666666667 0.0862676822633297 0.18136979166666667
14 0.49437431991294883 0.3129427083333333 0.09219804134929271 0.18622916666666667
5 0.7443090315560391 0.28845312500000003 0.11164309031556038 0.17853645833333334
5 0.8508813928182808 0.29067708333333336 0.09473340587595212 0.17489062500000002
15 0.9329270946681175 0.28501041666666665 0.05751904243743199 0.17246354166666666
15 0.2220239390642002 0.5339895833333334 0.08881392818280741 0.13683854166666667
14 0.12053318824809575 0.539046875 0.11418933623503809 0.15181770833333333
11 0.680816104461371 0.6645677083333333 0.072829162132753 0.10988020833333333
13 0.7995103373231773 0.6515989583333333 0.048041349292709465 0.10091145833333333
13 0.7441131664853101 0.6599843750000001 0.04917301414581066 0.11065104166666666