0 0.24249445676274944 0.3623125 0.09696230598669622 0.14177604166666666
0 0.36273835920177383 0.373828125 0.10949002217294901 0.1401770833333333
0 0.46431263858093125 0.37280729166666665 0.08694013303769402 0.14135416666666664
0 0.5724944567627495 0.37302083333333336 0.0798780487804878 0.13321354166666668
0 0.6620953436807095 0.37725520833333337 0.0903769401330377 0.15131770833333333
0 0.7651441241685144 0.37559895833333334 0.08675166297117516 0.15978124999999999
0 0.7749556541019955 0.5255260416666666 0.08028824833702883 0.12827604166666667
0 0.6882150776053215 0.5319166666666667 0.08219512195121952 0.124015625
0 0.5791352549889135 0.5194375 0.08136363636363636 0.12173958333333333
0 0.4907982261640798 0.5348958333333333 0.08779379157427937 0.12335416666666667
0 0.39009977827050996 0.5246302083333333 0.09967849223946784 0.13118229166666667
0 0.3985365853658537 0.6708072916666666 0.09497782705099779 0.10405208333333334
0 0.49274944567627493 0.6743958333333333 0.08837028824833702 0.10745833333333334
0 0.5999113082039912 0.6820468749999999 0.081529933481153 0.11331770833333334
0 0.6770177383592018 0.6704739583333333 0.07087583148558758 0.12134375
0 0.7590576496674057 0.6729322916666667 0.09019955654101995 0.114921875
0 0.25788248337028824 0.5055364583333334 0.04824833702882484 0.11946354166666667
0 0.310720620842572 0.5074895833333334 0.05220620842572062 0.12336458333333335