0 0.23069565217391305 0.07838555858310627 0.11659420289855073 0.12822888283378747
0 0.3319855072463768 0.2599727520435967 0.06527536231884058 0.110858310626703
0 0.40820289855072467 0.25224795640326975 0.0665072463768116 0.11623978201634877
0 0.4863913043478261 0.25360354223433246 0.06604347826086956 0.11569482288828338
0 0.559231884057971 0.25381471389645777 0.060608695652173916 0.11613079019073569
0 0.6147536231884058 0.42295640326975475 0.0736231884057971 0.10962534059945504
0 0.5107826086956522 0.4248773841961853 0.09520289855072464 0.11184604904632152
0 0.40669565217391307 0.4154768392370572 0.08885507246376811 0.1098433242506812
0 0.18584057971014492 0.5744959128065396 0.06695652173913044 0.11184604904632152
0 0.2622463768115942 0.5658242506811989 0.07559420289855072 0.11401907356948228
0 0.49682608695652175 0.5668051771117166 0.06037681159420289 0.10296321525885559
0 0.7916666666666666 0.5662602179836512 0.058391304347826085 0.10838555858310628