0 0.21123636363636364 0.35880108991825616 0.08221818181818182 0.14544959128065396
0 0.31106666666666666 0.35946185286103544 0.08659393939393939 0.14929155313351497
0 0.40258181818181815 0.3628678474114442 0.08447272727272727 0.15231607629427793
0 0.5098181818181818 0.36362397820163483 0.08907878787878787 0.1576158038147139
0 0.7064848484848485 0.37128746594005446 0.08064242424242424 0.16032697547683925
0 0.6770181818181817 0.5443188010899183 0.08121212121212121 0.13365803814713897
0 0.592460606060606 0.5461512261580381 0.06807272727272727 0.1360558583106267
0 0.49364848484848484 0.537350136239782 0.06458181818181818 0.1298092643051771
0 0.4089696969696969 0.521641689373297 0.06581818181818182 0.11542915531335149
0 0.3213212121212121 0.5235354223433242 0.08242424242424243 0.1286716621253406
0 0.23733333333333334 0.5113964577656676 0.08614545454545454 0.13025204359673026
0 0.2580727272727273 0.6712193460490463 0.09094545454545455 0.10884196185286103