9 0.18319826338639653 0.12266348773841962 0.07997105643994211 0.10088555858310626
4 0.729753979739508 0.25784059945504084 0.07635311143270622 0.08586512261580381
9 0.441287988422576 0.2568801089918256 0.04096960926193922 0.09355585831062671
9 0.38492040520984083 0.2562397820163488 0.0338205499276411 0.09227520435967303
9 0.3392040520984081 0.24790190735694825 0.03945007235890015 0.08843324250681199
13 0.3465991316931983 0.37324250681198906 0.044037626628075255 0.0914100817438692
6 0.6405933429811866 0.37416212534059945 0.0530246020260492 0.09085149863760218
6 0.6984949348769899 0.3756880108991826 0.046208393632416786 0.08588555858310627
5 0.5737626628075254 0.37696866485013625 0.05729377713458756 0.08523841961852861
12 0.34507959479015915 0.48438010899182565 0.046092619392185244 0.07961852861035422
11 0.41480463096960923 0.4850544959128065 0.05101302460202605 0.0930040871934605
13 0.4698986975397974 0.47880790190735695 0.047091172214182346 0.0805040871934605