2 0.30138964577656674 0.21775687409551375 0.03149182561307902 0.26021707670043415
3 0.38303133514986376 0.2250506512301013 0.04570844686648501 0.2560202604920405
4 0.6393937329700272 0.2687988422575977 0.04175068119891008 0.24227206946454413
4 0.673099455040872 0.22801736613603474 0.026103542234332425 0.22144717800289437
4 0.7059809264305178 0.21795947901591897 0.036042234332425066 0.21726483357452966
8 0.7415803814713897 0.23958031837916066 0.03235694822888283 0.2503617945007236
5 0.7729700272479564 0.24211287988422578 0.025701634877384194 0.2149493487698987
6 0.8188828337874658 0.23560057887120117 0.0351566757493188 0.23953690303907382
6 0.8644822888283379 0.2585238784370477 0.033787465940054495 0.2376410998552822
15 0.9328950953678474 0.2486251808972504 0.035817438692098094 0.2366425470332851
11 0.5553950953678475 0.5239797395079595 0.02963215258855586 0.24357452966714907
11 0.5191485013623979 0.5138639652677279 0.02861716621253406 0.24069464544138927
11 0.4644550408719346 0.5152966714905933 0.019298365122615804 0.24936324167872648
12 0.4886852861035422 0.5113314037626628 0.02692098092643052 0.251534008683068
13 0.4410013623978202 0.5202894356005788 0.02209809264305177 0.24632416787264835
10 0.8620708446866485 0.7521273516642547 0.04188692098092643 0.2399710564399421