0 0.7353440702781845 0.3696866485013624 0.11374816983894583 0.17492506811989103
0 0.4107467057101025 0.3705313351498638 0.10897510980966325 0.15662806539509538
0 0.1499267935578331 0.3862534059945504 0.06461200585651537 0.13290190735694823
0 0.3058272327964861 0.5459264305177112 0.09800878477306002 0.1521049046321526
0 0.43398243045387996 0.5573365122615803 0.12884333821376281 0.1565940054495913
0 0.5812005856515373 0.5562261580381471 0.12313323572474377 0.15943460490463215
0 0.7180234260614935 0.5494073569482288 0.10478770131771595 0.15842643051771116
0 0.8894875549048316 0.554141689373297 0.11496339677891654 0.17106267029972752
0 0.888199121522694 0.7246662125340599 0.12407027818448023 0.14547683923705723
0 0.5141581259150806 0.7227043596730246 0.12215226939970718 0.1416825613079019
0 0.34276720351390927 0.7049795640326976 0.09448023426061494 0.13720027247956404
0 0.2132650073206442 0.6840599455040872 0.06228404099560761 0.12253405994550408
0 0.06781844802342606 0.8524931880108992 0.08919472913616398 0.1238692098092643
0 0.15276720351390924 0.8608651226158038 0.07030746705710103 0.12481607629427792
0 0.2416544655929722 0.8678201634877385 0.08783308931185944 0.12670980926430517
0 0.43953147877013177 0.8907220708446866 0.08969253294289897 0.12386239782016349
0 0.3396486090775988 0.8659877384196185 0.08957540263543191 0.12178474114441416
0 0.6437335285505125 0.8820027247956403 0.09610541727672035 0.119066757493188
0 0.5411420204978038 0.8760354223433242 0.0959882869692533 0.1305040871934605