0 0.267983651226158 0.12495664739884393 0.033841961852861036 0.2440028901734104
0 0.30228201634877383 0.12384393063583815 0.031232970027247956 0.2476878612716763
0 0.3756198910081744 0.12053468208092485 0.06587193460490463 0.2410693641618497
0 0.6170027247956403 0.12108381502890174 0.03192098092643052 0.23995664739884395
0 0.650299727520436 0.12080924855491329 0.029918256130790192 0.23755780346820807
0 0.6881607629427793 0.11739884393063584 0.03616485013623978 0.23258670520231212
0 0.7290599455040871 0.1186849710982659 0.03633514986376022 0.23738439306358383
0 0.6493051771117165 0.6352601156069364 0.06179155313351498 0.3066473988439306
0 0.5823841961852861 0.6545953757225433 0.05995912806539509 0.34901734104046245
0 0.4489100817438692 0.6292774566473989 0.05354223433242507 0.28914739884393065
0 0.3827861035422343 0.628164739884393 0.06370572207084468 0.2998121387283237