0 0.23004848484848484 0.3936784741144414 0.08436363636363636 0.1366825613079019
0 0.3185212121212121 0.4058174386920981 0.08666666666666667 0.1370708446866485
0 0.3946787878787879 0.39951634877384196 0.05892121212121212 0.12794959128065395
0 0.488169696969697 0.399141689373297 0.07821818181818183 0.13549046321525887
0 0.6530787878787878 0.41401907356948225 0.07437575757575758 0.12891689373297002
0 0.6263878787878787 0.5411103542234332 0.06555151515151515 0.11900544959128065
0 0.5569575757575758 0.5426021798365123 0.06032727272727273 0.117574931880109
0 0.48196363636363637 0.5427247956403269 0.07543030303030303 0.12420299727520437
0 0.3292848484848485 0.5590735694822888 0.07927272727272729 0.11566076294277929
0 0.25294545454545453 0.5588555858310627 0.06985454545454546 0.10982288828337874
0 0.2511151515151515 0.6745572207084468 0.06705454545454545 0.11100136239782016
0 0.3312848484848485 0.6736239782016349 0.08066666666666666 0.10815395095367848
0 0.4144 0.6697956403269755 0.07307878787878788 0.1112942779291553
0 0.5490424242424242 0.8050068119891008 0.06284848484848485 0.09455040871934606
0 0.46852121212121206 0.801866485013624 0.07299393939393939 0.09023160762942779