4 0.08802342606149341 0.2887806539509537 0.17603221083455345 0.23692098092643052
6 0.3115226939970718 0.29500681198910084 0.182298682284041 0.2513828337874659
6 0.4814055636896047 0.2915940054495913 0.13783308931185945 0.23652588555858312
8 0.6742606149341142 0.29856948228882835 0.1458125915080527 0.24846730245231607
5 0.8729282576866765 0.2982152588555858 0.14383601756954612 0.2467574931880109
5 0.14928257686676427 0.5380313351498638 0.13200585651537336 0.1916008174386921
4 0.501112737920937 0.5494618528610354 0.14792093704245973 0.19390326975476838
4 0.6531625183016105 0.5362602179836512 0.13374816983894583 0.19135558583106269
15 0.7970717423133236 0.5410354223433242 0.14399707174231333 0.18444141689373297
4 0.9469692532942898 0.5396730245231608 0.1060761346998536 0.18912125340599456
15 0.9181844802342606 0.7401362397820164 0.12102489019033674 0.1738283378746594
15 0.7492386530014642 0.7295367847411445 0.1338360175695461 0.15138964577656677
15 0.6117862371888727 0.7333787465940054 0.11513909224011713 0.159066757493188
14 0.47982430453879943 0.7477452316076295 0.12314787701317716 0.1636716621253406
14 0.32909224011713034 0.7495027247956403 0.14390922401171305 0.1613351498637602
14 0.17412884333821377 0.7503405994550408 0.1609077598828697 0.1578950953678474