0 0.26571525885558583 0.17390173410404625 0.045762942779291556 0.3025
0 0.4868119891008174 0.16202312138728325 0.041001362397820165 0.3224132947976879
0 0.5279632152588556 0.16475433526011563 0.03842643051771117 0.3224132947976879
0 0.5794754768392371 0.16270231213872832 0.03982970027247956 0.32104046242774564
0 0.6606403269754769 0.14878612716763004 0.0336716621253406 0.28911849710982657
0 0.7400544959128066 0.1354913294797688 0.03944822888283379 0.2709826589595376
0 0.731825613079019 0.5489161849710983 0.10144414168937328 0.34585260115606936
0 0.5698365122615804 0.4960549132947977 0.05335149863760218 0.3410838150289017
0 0.3866893732970027 0.4884104046242775 0.041478201634877386 0.32528901734104043
0 0.3403814713896458 0.48567919075144506 0.04318801089918256 0.3161994219653179
0 0.29138964577656673 0.4797398843930636 0.03782016348773842 0.301893063583815
0 0.23198228882833788 0.4878034682080925 0.040217983651226155 0.3022398843930636
0 0.26064032697547684 0.8544797687861271 0.03873297002724796 0.29104046242774567
0 0.21482288828337875 0.8516618497109827 0.03867847411444142 0.2966907514450867
0 0.16963896457765668 0.8584393063583815 0.040442779291553134 0.28313583815028903