6 0.08025885558583105 0.5306304985337243 0.08549046321525886 0.4539149560117302
6 0.16181880108991825 0.5144281524926686 0.06809264305177111 0.45912023460410556
5 0.2353542234332425 0.5626832844574781 0.07043596730245232 0.48221407624633433
5 0.3134604904632153 0.528049853372434 0.07192098092643051 0.4899266862170088
15 0.3905313351498637 0.5617888563049853 0.07134196185286104 0.4678739002932551
15 0.4576975476839237 0.5376099706744868 0.05345367847411444 0.4517741935483871
7 0.5172615803814714 0.5544428152492669 0.0602724795640327 0.4567888563049853
8 0.5977384196185286 0.5610703812316715 0.07150544959128065 0.4449853372434018
8 0.685374659400545 0.573782991202346 0.05961171662125341 0.45785923753665686
4 0.7607697547683924 0.5772727272727273 0.07315395095367848 0.43083577712609966
4 0.8381267029972751 0.574149560117302 0.061498637602179836 0.4299413489736071