12 0.122796486090776 0.13124659400544958 0.08601756954612005 0.1709059945504087
13 0.22121522693997073 0.14846730245231607 0.06939970717423133 0.1478133514986376
11 0.31209370424597366 0.15130108991825614 0.08683748169838947 0.16294277929155312
11 0.7246559297218155 0.17856267029972753 0.07092240117130306 0.14401226158038147
7 0.5601464128843338 0.32032016348773845 0.07257686676427526 0.14029972752043599
6 0.47910688140556373 0.33513623978201634 0.05874084919472913 0.13734332425068121
6 0.3984773060029283 0.3395299727520436 0.08969253294289897 0.13703678474114442
8 0.11571010248901903 0.3169141689373297 0.10404099560761347 0.15318801089918255
8 0.22784773060029284 0.32244550408719347 0.08562225475841874 0.15060626702997276
14 0.3052269399707174 0.3321049046321526 0.06117130307467057 0.14643732970027248
0 0.8279941434846266 0.47678474114441416 0.11308931185944363 0.1159809264305177
0 0.5980966325036603 0.6271117166212534 0.10775988286969253 0.11727520435967302
0 0.44931185944363106 0.6274931880108991 0.11478770131771597 0.11955040871934605
13 0.3486237188872621 0.6398773841961853 0.05838945827232797 0.12083106267029972
2 0.1237774524158126 0.786825613079019 0.07292825768667643 0.10399863760217982
3 0.35409956076134697 0.9125272479564032 0.08396778916544656 0.10836512261580382
3 0.20847730600292824 0.9238896457765667 0.10786237188872622 0.10517711171662125