0 0.2748405797101449 0.320933242506812 0.11262318840579709 0.13307220708446865
0 0.3864492753623188 0.33123297002724794 0.09591304347826088 0.12914850136239783
0 0.48117391304347823 0.3296389645776567 0.09107246376811595 0.13086512261580382
0 0.5914057971014492 0.33346730245231604 0.08857971014492753 0.14036103542234332
0 0.6940144927536231 0.3323297002724796 0.08256521739130435 0.1460626702997275
0 0.7747101449275362 0.3305245231607629 0.07447826086956522 0.13448228882833788
0 0.7593913043478261 0.47442098092643054 0.07904347826086956 0.11829700272479564
0 0.6707391304347826 0.4699795640326975 0.07905797101449274 0.11982970027247956
0 0.5807101449275363 0.46103542234332423 0.0776376811594203 0.10929155313351499
0 0.4907536231884058 0.46256811989100816 0.0802608695652174 0.11113079019073568
0 0.3945942028985507 0.4626907356948229 0.08484057971014493 0.11628065395095367
0 0.27856521739130435 0.4561307901907357 0.07702898550724638 0.1191008174386921
0 0.312072463768116 0.5987465940054496 0.08407246376811595 0.09666212534059945
0 0.3985797101449275 0.5907765667574931 0.07584057971014492 0.09544277929155315
0 0.47875362318840575 0.5949114441416894 0.0771304347826087 0.09942098092643051
0 0.572304347826087 0.5895844686648501 0.07776811594202898 0.09979564032697548
0 0.6550289855072464 0.5886307901907357 0.07501449275362318 0.09973433242506811
0 0.7394492753623189 0.5929495912806539 0.07304347826086956 0.10285422343324252