0 0.16342412451361868 0.3948410535876476 0.1296887159533074 0.15010899182561308
0 0.30865758754863815 0.3930426884650318 0.13966926070038913 0.14881017257039056
0 0.42791828793774317 0.38553133514986376 0.09112840466926071 0.14528610354223434
0 0.5312451361867704 0.3864940962761126 0.10095330739299611 0.15256130790190736
0 0.6586964980544747 0.39586739327883746 0.10060311284046693 0.15523160762942778
0 0.7869455252918288 0.3962125340599455 0.0946887159533074 0.15087193460490464
0 0.7290466926070039 0.5501453224341508 0.09632295719844358 0.11077202543142597
0 0.6271206225680933 0.5393097184377839 0.08108949416342412 0.1135967302452316
0 0.5206420233463035 0.554141689373297 0.1006614785992218 0.10853769300635786
0 0.403443579766537 0.5455858310626703 0.09906614785992218 0.10971843778383288
0 0.30416342412451364 0.5641961852861035 0.09295719844357977 0.11896457765667574
0 0.19877431906614787 0.5681834695731154 0.10461089494163425 0.11186194368755677
0 0.30542801556420235 0.6798183469573116 0.08857976653696498 0.08658492279745686