4 0.2509855072463768 0.3273092643051771 0.10042028985507247 0.12946185286103543
4 0.3666521739130435 0.3243460490463215 0.09807246376811594 0.1275681198910082
16 0.4668405797101449 0.32837193460490466 0.09047826086956522 0.1356198910081744
16 0.564159420289855 0.3274182561307902 0.08569565217391305 0.13199591280653952
8 0.6484057971014492 0.33598773841961854 0.07530434782608696 0.14659400544959128
7 0.7618695652173914 0.33541553133514984 0.09204347826086956 0.14682561307901906
7 0.7413913043478261 0.4914032697547684 0.07920289855072464 0.12526566757493188
7 0.6476811594202898 0.48792234332425066 0.08265217391304348 0.12348773841961853
7 0.5438550724637681 0.4807901907356948 0.07810144927536232 0.13222070844686648
5 0.4513043478260869 0.4804427792915531 0.08507246376811595 0.12463215258855587
6 0.35379710144927534 0.4697479564032698 0.09317391304347827 0.11934604904632151
6 0.24473913043478263 0.46756811989100816 0.10382608695652173 0.1218732970027248
7 0.2787391304347826 0.6013555858310626 0.07397101449275362 0.10537465940054495
14 0.3602173913043478 0.618058583106267 0.08521739130434783 0.10600136239782017
14 0.45202898550724635 0.6216825613079019 0.09143478260869566 0.11209128065395096
14 0.5458115942028986 0.6183991825613079 0.08689855072463769 0.10899182561307902
14 0.6379855072463768 0.6311989100817439 0.07672463768115942 0.11099455040871935