8 0.21608695652173912 0.2898841961852861 0.08266666666666667 0.13978882833787468
15 0.29930434782608695 0.29010217983651226 0.07947826086956522 0.1427724795640327
15 0.41381159420289854 0.2892098092643052 0.0790144927536232 0.1405722070844687
15 0.5083623188405797 0.3056607629427793 0.08821739130434782 0.13438692098092644
15 0.615231884057971 0.27883514986376023 0.08728985507246376 0.14540871934604904
15 0.707 0.2916621253405995 0.08636231884057971 0.14192098092643052
15 0.6976231884057971 0.4399591280653951 0.07972463768115942 0.12728201634877384
15 0.6010289855072464 0.4401702997275204 0.08910144927536232 0.12912806539509536
15 0.49331884057971015 0.4408106267029973 0.09289855072463768 0.12614441416893735
15 0.4017246376811594 0.45100817438692103 0.09110144927536232 0.12166893732970029
15 0.3061159420289855 0.4449318801089918 0.08281159420289855 0.12301771117166213
15 0.2041449275362319 0.44435967302452317 0.08600000000000001 0.12188692098092643
15 0.22168115942028987 0.5739032697547684 0.07269565217391304 0.11236376021798364
15 0.3065652173913043 0.5686103542234333 0.08069565217391304 0.1110149863760218
15 0.412 0.5770980926430518 0.0753768115942029 0.11449591280653952
15 0.5006521739130435 0.5694277929155314 0.07582608695652174 0.11620572207084469
15 0.5869710144927536 0.5732970027247957 0.07611594202898551 0.11471389645776567
15 0.6716231884057972 0.5759604904632153 0.094231884057971 0.12074931880108991