0 0.4733962264150944 0.08119891008174387 0.08258345428156749 0.11461171662125341
0 0.3525834542815675 0.2067574931880109 0.050377358490566036 0.10559945504087194
0 0.5197242380261248 0.21564032697547683 0.041074020319303337 0.09865122615803815
0 0.5779680696661829 0.21705722070844685 0.04595065312046444 0.09441416893732969
0 0.5953265602322206 0.3266144414168938 0.05433962264150943 0.11342643051771116
0 0.6525689404934688 0.32958446866485014 0.05220609579100145 0.11407356948228883
0 0.8206386066763425 0.3388283378746594 0.056066763425254 0.10725476839237057
0 0.7872859216255443 0.4449659400544959 0.05957910014513788 0.10589237057220707
0 0.6557039187227867 0.44302452316076296 0.07101596516690856 0.1078950953678474
0 0.5272423802612481 0.4462874659400545 0.08621190130624093 0.10559945504087194
0 0.3856313497822932 0.4470844686648502 0.08760522496371553 0.11483651226158038