0 0.3099855072463768 0.1781198910081744 0.13168115942028985 0.16920980926430518
0 0.4498840579710145 0.1650340599455041 0.1141159420289855 0.17237738419618528
0 0.5677826086956521 0.13611035422343323 0.09852173913043479 0.18403269754768395
0 0.6867971014492753 0.1576907356948229 0.10491304347826087 0.1785490463215259
0 0.7051159420289854 0.3602111716621253 0.1267536231884058 0.1812534059945504
0 0.3945942028985507 0.3603678474114441 0.10868115942028984 0.17538147138964577
0 0.2172463768115942 0.5428474114441417 0.10065217391304349 0.16349455040871935
0 0.33002898550724635 0.5412261580381471 0.1142608695652174 0.15870572207084468
0 0.6878695652173913 0.5335490463215259 0.07910144927536232 0.1580108991825613
0 0.16040579710144928 0.8965735694822888 0.12166666666666667 0.14735013623978202
0 0.04621739130434783 0.8810558583106267 0.09244927536231884 0.1456607629427793
0 0.5869855072463768 0.9239986376021799 0.09421739130434784 0.1520027247956403