0 0.10716395864106351 0.21232970027247955 0.1892466765140325 0.1685149863760218
0 0.29228951255539143 0.20720027247956405 0.1565288035450517 0.16965258855585832
0 0.9310635155096012 0.3755040871934605 0.08638109305760709 0.16087874659400545
0 0.39807976366322007 0.3904904632152589 0.12480059084194978 0.15403950953678475
0 0.970546528803545 0.5416621253405994 0.0589069423929099 0.13729564032697547
0 0.8384047267355983 0.5530108991825613 0.07212703101920236 0.1363283378746594
0 0.9201329394387001 0.7116348773841962 0.09112259970457902 0.14677111716621255
0 0.8421713441654357 0.21621934604904633 0.08438700147710487 0.14805177111716622
0 0.5380649926144756 0.38502043596730245 0.10085672082717873 0.1643732970027248
0 0.6810192023633678 0.3779700272479564 0.11125553914327917 0.16309945504087195
0 0.823751846381093 0.37546321525885556 0.10729689807976367 0.16982288828337874