1 0.41843338213762815 0.2342234332425068 0.15502196193265005 0.15467983651226158
1 0.5738213762811127 0.232350136239782 0.1436749633967789 0.16619209809264304
1 0.7467349926793557 0.22779972752043598 0.1628843338213763 0.17583787465940054
15 0.8361493411420206 0.43203678474114443 0.10758418740849195 0.16868528610354222
14 0.7005856515373353 0.438283378746594 0.12276720351390921 0.1735490463215259
14 0.5493704245973646 0.43984332425068123 0.12458272327964862 0.17042234332425069
15 0.4067935578330893 0.4245095367847411 0.10489019033674964 0.17791553133514987
15 0.24783308931185946 0.42107629427792914 0.11506588579795023 0.17590599455040873
3 0.05329428989751098 0.6250681198910082 0.10658857979502195 0.1731267029972752
16 0.33111273792093704 0.6328405994550409 0.12951683748169837 0.16923705722070845
16 0.49901903367496336 0.6299659400544959 0.13127379209370424 0.17111035422343324
7 0.6477306002928257 0.6376362397820163 0.11251830161054172 0.17604223433242508