0 0.3058857979502196 0.16927792915531334 0.17159590043923867 0.17193460490463217
0 0.4857686676427525 0.17006130790190735 0.1652415812591508 0.16175749318801091
2 0.13598828696925327 0.49860354223433245 0.09373352855051244 0.13982288828337874
14 0.31433382137628113 0.5132629427792915 0.11118594436310394 0.14980245231607628
14 0.47428989751098094 0.5123773841961853 0.09852122986822841 0.15653269754768392
14 0.617628111273792 0.5196457765667575 0.11910688140556368 0.16179155313351498
14 0.8183308931185944 0.5129904632152589 0.11811127379209371 0.15621934604904633
15 0.8443484626647145 0.6620027247956404 0.0953294289897511 0.13549046321525887
14 0.6513909224011712 0.6723297002724796 0.13011713030746708 0.14144414168937328
3 0.17522693997071742 0.786457765667575 0.12231332357247439 0.12366485013623978
3 0.617393850658858 0.7996049046321525 0.10534407027818449 0.10973433242506812