3 0.276710775047259 0.11707538601271572 0.10920604914933837 0.1610535876475931
3 0.3960113421550095 0.1267484105358765 0.11347826086956522 0.1582016348773842
2 0.5468431001890358 0.11957311534968211 0.058676748582230626 0.15732970027247956
2 0.5834593572778828 0.2635694822888283 0.05931947069943289 0.12181653042688466
2 0.9441587901701323 0.2800181653042689 0.041436672967863894 0.13330608537693006
9 0.4704914933837429 0.556866485013624 0.046918714555765594 0.0910535876475931
12 0.7820226843100189 0.6585921889191644 0.054725897920604914 0.1041780199818347
12 0.6697920604914934 0.6709900090826522 0.04812854442344046 0.09663033605812897
8 0.32119092627599244 0.6411807447774751 0.06648393194706995 0.10044504995458674
6 0.25483931947069943 0.6561489554950045 0.05922495274102079 0.09612170753860128
16 0.18362948960302458 0.6634695731153497 0.07389413988657846 0.106330608537693
4 0.09973534971644613 0.6712352406902815 0.07905482041587902 0.1034786557674841