4 0.5984826589595376 0.2529632152588556 0.05697976878612717 0.09506811989100818
16 0.5335838150289017 0.2571798365122616 0.05296242774566474 0.09494550408719346
7 0.806242774566474 0.3522479564032698 0.07184971098265895 0.11455040871934605
7 0.7295520231213873 0.3586648501362398 0.062398843930635835 0.10660762942779292
6 0.6657080924855492 0.36551089918256136 0.055274566473988436 0.1129632152588556
6 0.6094364161849711 0.3712534059945504 0.05166184971098266 0.10733651226158038
5 0.5497976878612717 0.4817643051771117 0.05167630057803468 0.10587193460490463
5 0.6125433526011561 0.48133514986376025 0.05789017341040463 0.10623978201634877
8 0.6752312138728324 0.4795912806539509 0.06007225433526012 0.10581062670299729
8 0.7473121387283237 0.47846049046321526 0.07458092485549132 0.11149863760217985
7 0.8249132947976879 0.4746117166212534 0.07289017341040462 0.11479564032697548
14 0.816806358381503 0.6086512261580381 0.08390173410404625 0.11027247956403269
14 0.7385693641618497 0.6065122615803815 0.06615606936416185 0.11210490463215259