0 0.22607003891050584 0.4517620345140781 0.11928015564202335 0.1331244323342416
0 0.3484046692607004 0.44303360581289736 0.11258754863813229 0.14167120799273386
0 0.4800389105058366 0.4431880108991825 0.09924124513618676 0.12809264305177112
0 0.5899805447470817 0.45767484105358763 0.1028988326848249 0.14195277020890099
0 0.7129377431906615 0.45369663941871025 0.0958171206225681 0.12574931880108992
0 0.8365758754863813 0.45321525885558583 0.10624513618677042 0.1261671207992734
0 0.7668482490272374 0.5900181653042689 0.09036964980544748 0.09485013623978203
0 0.6671984435797665 0.5825976385104451 0.08375486381322957 0.10474114441416893
0 0.5712256809338522 0.58236148955495 0.08745136186770429 0.10082652134423252
0 0.2511089494163424 0.5754677565849228 0.1020817120622568 0.10573115349682106
0 0.28966926070038906 0.6952043596730245 0.09036964980544748 0.07207992733878292
0 0.46877431906614786 0.6785740236148956 0.08412451361867705 0.0732061762034514
0 0.646692607003891 0.69763851044505 0.08410505836575875 0.0706993642143506
0 0.5519066147859922 0.6725249772933697 0.06863813229571984 0.0744959128065395
0 0.731614785992218 0.7048047229791099 0.07414396887159533 0.0685104450499546