0 0.23993188010899186 0.22020231213872832 0.03465258855585831 0.25546242774566474
0 0.28608310626703 0.2077023121387283 0.03780653950953679 0.2602312138728324
0 0.41241825613079014 0.1578034682080925 0.04125340599455041 0.27658959537572253
0 0.5021321525885558 0.2572832369942196 0.04518392370572207 0.25960982658959536
0 0.5560013623978202 0.21708092485549133 0.049734332425068126 0.2685549132947977
0 0.6024863760217984 0.23494219653179194 0.037397820163487736 0.2923843930635838
0 0.6508106267029973 0.22839595375722546 0.04349455040871935 0.25546242774566474
0 0.6899795640326976 0.23450867052023122 0.03197547683923706 0.25872832369942195
0 0.7383446866485014 0.20763005780346822 0.06271117166212534 0.2898554913294798
0 0.7065463215258856 0.5208815028901734 0.06510217983651226 0.2864306358381503
0 0.5577929155313351 0.5103757225433526 0.049802452316076294 0.2505346820809249
0 0.505817438692098 0.5668930635838151 0.03640326975476839 0.28760115606936415
0 0.46872615803814716 0.4776878612716763 0.0305449591280654 0.2680057803468208
0 0.4354359673024523 0.5465173410404625 0.035728882833787466 0.2679913294797688
0 0.2963896457765668 0.5704913294797688 0.04346730245231608 0.265606936416185
0 0.22303814713896458 0.5471965317919075 0.04840599455040872 0.25608381502890176
0 0.17329700272479565 0.8591040462427746 0.05253405994550409 0.26163294797687864
0 0.23785422343324253 0.8667919075144509 0.06369209809264305 0.2664161849710983
0 0.49028610354223434 0.8657947976878613 0.054931880108991825 0.26841040462427745
0 0.5640599455040872 0.8704335260115608 0.062064032697547684 0.2591329479768786
0 0.6244346049046321 0.8628179190751446 0.03865122615803815 0.274364161849711