5 0.13338555858310627 0.24413294797687862 0.05082425068119891 0.3198121387283237
7 0.2733242506811989 0.27260115606936414 0.05527929155313352 0.3068208092485549
6 0.46489782016348774 0.26710982658959537 0.05001362397820164 0.33911849710982656
16 0.5899046321525886 0.41368497109826585 0.06618528610354223 0.3176589595375722
4 0.6540463215258856 0.37057803468208095 0.057152588555858315 0.30802023121387284
7 0.7084264305177111 0.40710982658959544 0.04664850136239782 0.35611271676300577
7 0.754325613079019 0.4305780346820809 0.04271798365122616 0.333135838150289
7 0.822350136239782 0.3991184971098266 0.0579291553133515 0.3467919075144508
10 0.9488010899182561 0.8296531791907514 0.08326975476839237 0.335606936416185
10 0.8517438692098092 0.768150289017341 0.08061307901907357 0.3557514450867052
12 0.5870027247956403 0.801271676300578 0.056457765667574926 0.3853612716763006
2 0.5317643051771117 0.6854190751445087 0.04014305177111717 0.3667630057803468
3 0.285558583106267 0.7976878612716763 0.06326975476839236 0.38320809248554916
0 0.16782016348773843 0.7446820809248555 0.0842234332425068 0.37540462427745663