0 0.41861271676300577 0.12790190735694823 0.062239884393063584 0.12129427792915531
1 0.6661416184971098 0.1451158038147139 0.07917630057803468 0.11951634877384196
2 0.9338872832369942 0.39198228882833785 0.04147398843930636 0.08309945504087193
6 0.856199421965318 0.4864577656675749 0.03666184971098266 0.06489100817438692
4 0.8051589595375722 0.48631471389645775 0.04216763005780347 0.08188692098092643
16 0.7620809248554914 0.4922207084468665 0.03177745664739884 0.07122615803814714
6 0.6682658959537572 0.4992779291553134 0.05195086705202313 0.07670299727520435
8 0.5857658959537573 0.5087806539509536 0.04216763005780347 0.0905108991825613
7 0.5414595375722543 0.5105177111716621 0.04521676300578035 0.09168256130790191
7 0.4815751445086705 0.5136852861035422 0.04888728323699422 0.09225476839237058
12 0.08784682080924855 0.5557152588555858 0.060838150289017345 0.11247956403269756