6 0.0916008174386921 0.3992228739002932 0.07888964577656676 0.4625513196480938
6 0.16978882833787465 0.39422287390029326 0.07591280653950953 0.45850439882697946
5 0.25471389645776565 0.4159824046920821 0.06794959128065395 0.45736070381231675
5 0.32738419618528614 0.39702346041055714 0.06826294277929155 0.4765102639296188
5 0.39143732970027245 0.42161290322580647 0.0536716621253406 0.47029325513196485
8 0.45478201634877385 0.41926686217008796 0.06418937329700272 0.46558651026392955
15 0.5353337874659401 0.4315102639296188 0.0724591280653951 0.4665982404692082
8 0.6182220708446866 0.46205278592375365 0.06825613079019074 0.4840469208211144
7 0.6985354223433243 0.452316715542522 0.06357629427792916 0.46961876832844573
4 0.7852043596730246 0.47599706744868037 0.07473433242506812 0.45821114369501464
4 0.8659741144414169 0.479941348973607 0.07098092643051772 0.44763929618768333