0 0.8566471449487555 0.21099455040871934 0.04243045387994143 0.1472207084468665
0 0.16754026354319182 0.4261512261580382 0.10089311859443631 0.18298365122615803
0 0.27796486090775985 0.4143256130790191 0.1009077598828697 0.17054495912806542
0 0.3781698389458273 0.3998160762942779 0.08604685212298682 0.1795299727520436
0 0.4776427525622255 0.39330381471389647 0.09196193265007321 0.16908719346049048
0 0.5952855051244509 0.38855585831062667 0.10456808199121523 0.16822207084468663
0 0.6995754026354319 0.38277247956403265 0.07559297218155198 0.16529291553133516
0 0.8119326500732064 0.5162534059945504 0.09431918008784773 0.1352316076294278
0 0.4102781844802343 0.7143256130790191 0.072298682284041 0.1169482288828338
0 0.492298682284041 0.7043596730245232 0.07303074670571011 0.11341280653950954
0 0.5912884333821377 0.6787193460490464 0.07988286969253294 0.11911444141689374
0 0.29412884333821376 0.8921185286103543 0.09004392386530015 0.11950272479564034
0 0.7721669106881406 0.8725613079019074 0.05644216691068814 0.08705040871934605