0 0.42072207084468666 0.11430747922437673 0.02604904632152589 0.2259279778393352
0 0.44597411444141694 0.11339335180055403 0.020435967302452316 0.22678670360110806
0 0.6372343324250681 0.40087257617728533 0.04027929155313352 0.2554986149584488
0 0.5924591280653951 0.4308725761772853 0.03521117166212534 0.26518005540166206
0 0.5485286103542234 0.4163850415512465 0.029427792915531336 0.2460387811634349
0 0.5168460490463216 0.3949861495844875 0.027615803814713895 0.24862880886426592
0 0.4803950953678474 0.41810249307479225 0.03255449591280654 0.24947368421052632
0 0.44440054495912806 0.4375484764542937 0.03358310626702997 0.25278393351800554
0 0.40553814713896463 0.41271468144044327 0.03551771117166212 0.23378116343490304
0 0.4924318801089918 0.647797783933518 0.028262942779291554 0.18862880886426592
0 0.397425068119891 0.6417313019390581 0.02230926430517711 0.21943213296398892
0 0.6743188010899183 0.6379501385041552 0.03103542234332425 0.20835180055401664
0 0.23320844686648504 0.15674515235457065 0.0366008174386921 0.22475069252077565