4 0.17032496307237815 0.43580381471389645 0.1133530280649926 0.1445708446866485
4 0.28416543574593794 0.4372070844686649 0.1060413589364845 0.14924386920980925
8 0.5385081240768095 0.42944822888283374 0.10218611521418022 0.14681198910081744
5 0.6588478581979321 0.4278133514986376 0.09571639586410635 0.14634196185286105
7 0.77602658788774 0.4263692098092643 0.1011669128508124 0.1462465940054496
14 0.4385524372230428 0.6037874659400545 0.0987887740029542 0.12551771117166213
14 0.31995568685376663 0.6043937329700273 0.09454948301329395 0.12579700272479563
14 0.18838995568685377 0.6069141689373297 0.07249630723781388 0.12523160762942778
14 0.21542097488921713 0.7692302452316077 0.0961890694239291 0.12194141689373296
14 0.3140768094534712 0.7603610354223433 0.08685376661742983 0.1210149863760218
14 0.4243722304283604 0.7612942779291553 0.1028360413589365 0.12288147138964577