16 0.20840409956076136 0.22527247956403268 0.1904245973645681 0.2949931880108992
6 0.39976573938506593 0.21242506811989098 0.16904831625183014 0.28799727520435964
8 0.5577598828696925 0.2020367847411444 0.13614934114202049 0.2788896457765668
5 0.7491508052708639 0.2068256130790191 0.13994143484626648 0.2756198910081744
7 0.8978477306002929 0.19777247956403268 0.15371888726207905 0.27410762942779293
7 0.849428989751098 0.473732970027248 0.13537335285505123 0.1858923705722071
6 0.416207906295754 0.489741144414169 0.14768667642752564 0.1893051771117166
16 0.25407027818448025 0.5140531335149864 0.18638360175695462 0.2093256130790191
15 0.07793557833089311 0.5208378746594006 0.14357247437774526 0.20904632152588556
14 0.139502196193265 0.7152043596730245 0.12985358711566616 0.1435149863760218
14 0.28453879941434845 0.7016280653950954 0.1357393850658858 0.14653269754768394
14 0.42938506588579795 0.6964373297002725 0.13743777452415815 0.1405926430517711
15 0.6825768667642752 0.6786035422343325 0.11808199121522694 0.13703678474114442
15 0.7980819912152269 0.6605108991825613 0.10571010248901903 0.13450272479564032