0 0.20487698986975397 0.22970708446866483 0.09743849493487698 0.10210490463215258
0 0.3416642547033285 0.23702997275204357 0.060680173661360345 0.1062534059945504
0 0.4203328509406657 0.23478882833787468 0.09047756874095514 0.10553814713896459
0 0.5029956584659913 0.24207084468664852 0.0649493487698987 0.10205722070844686
0 0.6091172214182344 0.23211852861035423 0.07209840810419682 0.09685286103542234
0 0.6826483357452966 0.2349931880108992 0.06486251808972504 0.10050408719346049
0 0.7743125904486251 0.2429700272479564 0.06628075253256151 0.10637602179836513
0 0.7454269175108539 0.3675613079019074 0.054876989869753985 0.10243869209809264
0 0.5963675832127351 0.36044959128065396 0.06976845151953691 0.09786103542234333
0 0.3971345875542692 0.3536444141689373 0.0494356005788712 0.10314713896457765
0 0.33769898697539796 0.35251362397820163 0.05630969609261939 0.10004087193460491
0 0.27982633863965267 0.36040190735694827 0.05293777134587554 0.10071525885558583
0 0.40939218523878435 0.4707425068119891 0.056121562952243124 0.09387602179836513
0 0.58410998552822 0.4719414168937329 0.03991316931982634 0.09081062670299728