0 0.2577626459143969 0.3545685740236149 0.1336964980544747 0.16219800181653043
0 0.38659533073929964 0.36692098092643055 0.11215953307392997 0.15214350590372389
0 0.4997470817120623 0.3537057220708447 0.10577821011673151 0.14680290644868302
0 0.6273735408560311 0.36236148955495 0.11108949416342413 0.14736603088101727
0 0.7455642023346304 0.3624523160762943 0.09752918287937744 0.1388646684831971
0 0.8712062256809339 0.3600363306085377 0.1214591439688716 0.1495367847411444
0 0.7990856031128405 0.5099909173478656 0.08754863813229571 0.11739327883742053
0 0.6837937743190662 0.519464123524069 0.07239299610894942 0.10342415985467757
0 0.5835019455252919 0.5109627611262489 0.0805058365758755 0.10504087193460492
0 0.4855058365758755 0.5117620345140782 0.08130350194552528 0.1141053587647593
0 0.3857976653696498 0.5263487738419619 0.08928015564202335 0.1023069936421435
0 0.28424124513618676 0.531589464123524 0.0988715953307393 0.10472297910990008
0 0.2863618677042801 0.6450590372388738 0.09782101167315176 0.1082016348773842
0 0.38313229571984436 0.6467302452316076 0.09461089494163424 0.09294277929155313
0 0.46778210116731517 0.629291553133515 0.06443579766536965 0.09901907356948228