0 0.061771595900439236 0.2887534059945504 0.12307467057101025 0.13249318801089918
2 0.5720351390922401 0.27519754768392374 0.08732064421669107 0.1466008174386921
14 0.7748755490483162 0.46108991825613077 0.10127379209370425 0.14628746594005448
7 0.6597218155197657 0.45495912806539507 0.0972181551976574 0.14611035422343324
15 0.5554465592972182 0.4608174386920981 0.08674963396778916 0.1408923705722071
15 0.4636896046852123 0.45851498637602184 0.0750805270863836 0.14103542234332425
15 0.3710688140556369 0.4613623978201635 0.08790629575402635 0.14401226158038147
2 0.26203513909224013 0.45831062670299727 0.07957540263543192 0.1365599455040872
2 0.16322108345534408 0.4597343324250681 0.08730600292825769 0.14076294277929155
2 0.06427525622254758 0.4564850136239782 0.09767203513909223 0.1396798365122616
14 0.7714055636896047 0.6207425068119891 0.11020497803806735 0.13688010899182562
14 0.6663689604685212 0.6265122615803815 0.08209370424597365 0.14072888283378746