16 0.3683795620437956 0.3646117166212534 0.09728467153284671 0.11798365122615803
4 0.4622189781021898 0.36007493188010903 0.0855036496350365 0.11899182561307903
8 0.6277956204379562 0.35123297002724796 0.07112408759124088 0.11634877384196186
7 0.7848467153284672 0.36126021798365127 0.07213138686131386 0.11483651226158038
5 0.697051094890511 0.3500204359673025 0.0629051094890511 0.11446866485013624
7 0.7744525547445256 0.48644414168937333 0.06753284671532847 0.09673024523160763
15 0.6805985401459854 0.47649863760217986 0.06581021897810219 0.0989441416893733
14 0.3766861313868613 0.5027520435967302 0.08303649635036496 0.10023160762942779
14 0.46391240875912404 0.49757493188010904 0.07493430656934306 0.09634877384196185
14 0.5404379562043795 0.48873978201634877 0.0651094890510949 0.09376702997275205
15 0.7455620437956204 0.5794073569482289 0.051328467153284665 0.08103542234332424
15 0.6815036496350365 0.5871730245231608 0.05837956204379562 0.08577656675749319
15 0.6096496350364964 0.5925613079019073 0.06718248175182483 0.08576975476839237