0 0.12510144927536232 0.32944822888283376 0.11046376811594202 0.12463215258855587
0 0.26920289855072466 0.29970708446866484 0.0904927536231884 0.1236376021798365
0 0.3570724637681159 0.31224795640326974 0.07095652173913043 0.1266757493188011
0 0.44450724637681155 0.31803133514986376 0.08604347826086955 0.1316825613079019
0 0.5535072463768116 0.3233651226158038 0.08339130434782609 0.12267711171662125
0 0.6446811594202898 0.33012942779291554 0.08057971014492754 0.12965258855585832
0 0.7435942028985508 0.3211307901907357 0.08946376811594202 0.13847411444141688
0 0.8623478260869565 0.3727792915531335 0.11265217391304348 0.13388964577656676
0 0.7231159420289854 0.4658310626702997 0.0717536231884058 0.11818119891008175
0 0.6427971014492754 0.46728882833787466 0.08360869565217391 0.11526566757493188
0 0.5471449275362319 0.4561376021798365 0.08168115942028985 0.11892370572207085
0 0.4611739130434782 0.47100136239782014 0.0788550724637681 0.11155313351498637
0 0.37623188405797103 0.4661512261580381 0.07920289855072464 0.10556539509536784
0 0.2916956521739131 0.4613555858310627 0.08147826086956522 0.10710490463215258
0 0.31469565217391304 0.5693732970027248 0.08126086956521739 0.09104904632152588
0 0.3844202898550725 0.5725272479564033 0.05723188405797102 0.09152588555858311
0 0.4563913043478261 0.577799727520436 0.07379710144927537 0.09412125340599455
0 0.5377246376811594 0.578324250681199 0.0797536231884058 0.09729564032697549
0 0.6323478260869565 0.5870708446866485 0.07173913043478261 0.10100817438692099
0 0.7099710144927536 0.5916280653950954 0.07702898550724638 0.1101158038147139