0 0.2574421965317919 0.33403269754768394 0.09119942196531791 0.14264305177111716
0 0.35195086705202316 0.33926430517711176 0.08309248554913294 0.13452316076294277
0 0.522485549132948 0.34561989100817436 0.08390173410404625 0.12963215258855587
0 0.6126300578034682 0.35100136239782015 0.07122832369942196 0.13060626702997274
0 0.5904335260115606 0.48342643051771117 0.07247109826589596 0.10693460490463215
0 0.5025722543352601 0.48391689373297003 0.06895953757225433 0.10986376021798365
0 0.41709537572254335 0.48098092643051776 0.08059248554913295 0.11182561307901907
0 0.32787572254335257 0.4850408719346049 0.07645953757225434 0.11700272479564032
0 0.2327601156069364 0.4832765667574932 0.07917630057803468 0.11739782016348774
0 0.22010115606936417 0.6377724795640327 0.08290462427745664 0.12513623978201635
0 0.3102456647398844 0.6357697547683924 0.07024566473988439 0.11819482288828337
0 0.4964450867052023 0.625892370572207 0.07955202312138727 0.11604904632152589
0 0.5781936416184972 0.6256471389645777 0.06874277456647399 0.11262261580381472