0 0.16680933852140076 0.38396003633060855 0.14556420233463033 0.16962761126248863
0 0.3071206225680934 0.3954041780199818 0.13496108949416344 0.16106267029972754
0 0.4342996108949416 0.38095367847411443 0.11445525291828794 0.15891916439600362
0 0.5698249027237354 0.38858310626702997 0.1246498054474708 0.1581198910081744
0 0.6985214007782101 0.38483197093551313 0.09684824902723736 0.15464123524069026
0 0.8234824902723735 0.3838964577656676 0.12319066147859922 0.15544959128065394
0 0.7686770428015565 0.5439418710263397 0.09525291828793775 0.12761126248864668
0 0.6500778210116731 0.5493278837420527 0.08019455252918288 0.1250045413260672
0 0.5389105058365758 0.5477565849227974 0.08719844357976654 0.11383287920072661
0 0.44038910505836576 0.5474568574023615 0.08363813229571984 0.12460490463215258
0 0.3239494163424124 0.5683015440508629 0.10443579766536965 0.12145322434150772
0 0.20793774319066147 0.5735240690281562 0.11175097276264591 0.11717529518619436
0 0.22340466926070038 0.7003814713896458 0.10830739299610895 0.10861943687556767
0 0.3296887159533074 0.6994459582198002 0.09297665369649805 0.10272479564032697
0 0.4211284046692607 0.680172570390554 0.07663424124513618 0.10901907356948229