0 0.9322286541244572 0.05795640326975477 0.10706222865412446 0.11591280653950954
0 0.46468885672937776 0.0904291553133515 0.07418234442836469 0.12677792915531336
0 0.577206946454414 0.07820844686648501 0.101794500723589 0.13114441416893732
0 0.6995947901591896 0.07523841961852862 0.07018813314037627 0.14006811989100817
0 0.8160636758321274 0.06525204359673024 0.09781476121562953 0.1303133514986376
0 0.5099710564399421 0.2712125340599455 0.060463096960926194 0.12580381471389646
0 0.3314616497829233 0.4149114441416894 0.05994211287988423 0.10897820163487738
0 0.32794500723589004 0.5679904632152588 0.06573082489146165 0.10064032697547684
0 0.6135166425470333 0.7433446866485014 0.04955137481910275 0.10909400544959129
0 0.532026049204052 0.7302792915531335 0.03917510853835022 0.10046321525885558
0 0.032416787264833574 0.5260354223433242 0.06483357452966715 0.09685967302452315