0 0.4537080291970803 0.3824386920980926 0.07216058394160584 0.15277929155313352
0 0.5616642335766423 0.38732288828337874 0.08286131386861313 0.15533378746594007
0 0.6961021897810219 0.38535422343324255 0.08045255474452555 0.15401907356948227
0 0.4433138686131387 0.5421457765667574 0.08232116788321168 0.13112397820163488
0 0.57592700729927 0.5371594005449591 0.07344525547445256 0.13165531335149863
0 0.5148613138686131 0.6987738419618529 0.08764963503649635 0.11380790190735694
0 0.4331970802919708 0.6710354223433243 0.062087591240875914 0.11210490463215259
0 0.3341021897810219 0.6849727520435968 0.09162043795620438 0.11046321525885558
0 0.23254014598540146 0.6781880108991826 0.08807299270072992 0.11263623978201634
0 0.14982481751824817 0.655299727520436 0.06462773722627738 0.10228201634877385
0 0.3224963503649635 0.8076634877384197 0.07681751824817518 0.10332425068119891
0 0.4262189781021897 0.8189100817438693 0.09872992700729927 0.10810626702997274