0 0.2817536231884058 0.3458310626702997 0.09333333333333334 0.1324591280653951
0 0.39492753623188404 0.3528474114441417 0.08918840579710145 0.14232288828337875
0 0.497463768115942 0.35330381471389644 0.09331884057971014 0.1418392370572207
0 0.606072463768116 0.36166893732970024 0.0992463768115942 0.14329019073569482
0 0.7198405797101449 0.365483651226158 0.10217391304347827 0.14954359673024523
0 0.8149855072463769 0.37673705722070844 0.07971014492753623 0.14426430517711172
0 0.7968115942028985 0.5302179836512262 0.07586956521739131 0.12342643051771117
0 0.6992173913043478 0.520633514986376 0.10085507246376813 0.1264850136239782
0 0.5888550724637681 0.5108787465940055 0.08402898550724637 0.12155313351498638
0 0.3151304347826087 0.4933446866485014 0.09805797101449275 0.11704359673024523
0 0.40807246376811596 0.4945980926430518 0.07410144927536232 0.11954359673024524
0 0.49391304347826087 0.5058106267029973 0.08915942028985507 0.11766348773841961
0 0.3252608695652174 0.6186376021798365 0.07692753623188406 0.10025204359673023
0 0.5088260869565217 0.6282901907356948 0.08205797101449275 0.10705040871934605
0 0.5898695652173913 0.6432901907356948 0.07126086956521739 0.10649182561307903
0 0.6763768115942029 0.6551634877384196 0.0802608695652174 0.10662806539509537
0 0.7797971014492753 0.6645708446866485 0.07433333333333333 0.11224795640326976
0 0.764072463768116 0.7752792915531335 0.07391304347826087 0.07392370572207084
0 0.6876086956521739 0.7676021798365122 0.061362318840579716 0.08982288828337875
0 0.6019130434782609 0.7626021798365122 0.07320289855072463 0.0909400544959128
0 0.5134202898550725 0.7472207084468665 0.07646376811594202 0.09837193460490463
0 0.42765217391304344 0.7415667574931879 0.07189855072463767 0.0919141689373297
0 0.3482463768115942 0.7343051771117166 0.07117391304347825 0.09198910081743869