0 0.29155313351498635 0.1230535455861071 0.037895095367847416 0.15094066570188133
0 0.33232288828337875 0.11603473227206948 0.03724114441416894 0.1608683068017366
1 0.37589918256130794 0.12040520984081042 0.03495231607629428 0.16017366136034733
1 0.41514305177111716 0.12416787264833574 0.02963215258855586 0.157438494934877
1 0.4523637602179837 0.11526772793053547 0.041226158038147144 0.17044862518089726
10 0.6037193460490463 0.12146164978292331 0.030204359673024525 0.16301013024602026
10 0.5634536784741144 0.32719247467438495 0.032608991825613075 0.159232995658466
3 0.3643051771117166 0.5115195369030391 0.029727520435967304 0.15532561505065123
3 0.39611035422343327 0.5136034732272069 0.025333787465940054 0.14865412445730825
2 0.4554700272479564 0.5088856729377713 0.0163283378746594 0.15340086830680175
2 0.48883514986376025 0.516657018813314 0.02096049046321526 0.15056439942112881
4 0.5255926430517711 0.5254992764109986 0.025292915531335152 0.16159189580318378
4 0.5578950953678474 0.528712011577424 0.02702316076294278 0.160506512301013
6 0.591232970027248 0.5278871201157742 0.024516348773841963 0.16551374819102752
5 0.6241621253405994 0.530506512301013 0.022779291553133515 0.17160636758321274
5 0.6507288828337875 0.5298408104196817 0.024032697547683925 0.17027496382054993
8 0.6754359673024523 0.5326049204052098 0.022350136239782017 0.17244573082489145
7 0.6998228882833787 0.5379015918958032 0.02513623978201635 0.17386396526772793
7 0.7261512261580382 0.5349348769898697 0.024346049046321528 0.1671056439942113
15 0.7776362397820163 0.5360202604920405 0.021982288828337877 0.16091172214182345
15 0.7504632152588556 0.5338929088277858 0.02383514986376022 0.1658465991316932