11 0.7284682080924856 0.22500681198910083 0.09638728323699422 0.13892370572207086
7 0.12810693641618498 0.4873228882833787 0.06027456647398844 0.11435286103542235
6 0.26520231213872836 0.5048297002724795 0.06524566473988438 0.11411444141689374
16 0.3446098265895954 0.499775204359673 0.07572254335260116 0.11164168937329699
14 0.4259971098265896 0.5042983651226157 0.06150289017341041 0.11951634877384196
8 0.4951589595375722 0.5184877384196185 0.06671965317919075 0.11557220708446866
15 0.5692052023121387 0.5086989100817438 0.06997109826589595 0.12127384196185287
5 0.6494075144508671 0.5169277929155314 0.07833815028901735 0.12304495912806539
2 0.8963294797687861 0.5194005449591281 0.05491329479768786 0.12151226158038146
11 0.8277745664739885 0.6537125340599454 0.06985549132947977 0.11517711171662126
2 0.6366907514450867 0.6420231607629427 0.07657514450867052 0.10942098092643052