16 0.2552601156069364 0.3056130790190736 0.07776011560693642 0.11182561307901907
16 0.35265895953757226 0.3149182561307902 0.07459537572254335 0.11794277929155313
6 0.4232658959537572 0.3091485013623978 0.0644942196531792 0.12662125340599456
8 0.4943063583815029 0.3087057220708447 0.07166184971098266 0.1346457765667575
8 0.5851589595375722 0.30418937329700274 0.0906936416184971 0.13749999999999998
7 0.6717052023121387 0.29147138964577657 0.07592485549132948 0.1453474114441417
7 0.6645809248554914 0.4637125340599455 0.06799132947976878 0.14034059945504088
6 0.44640173410404627 0.4599455040871935 0.08680635838150288 0.1203133514986376
14 0.37307803468208095 0.46190735694822893 0.05491329479768786 0.11353542234332424
14 0.3128757225433526 0.46074931880108994 0.05430635838150289 0.11300408719346049
8 0.6386705202312138 0.602125340599455 0.07039017341040463 0.12412806539509537