9 0.34413892908827787 0.06151226158038147 0.045441389290882775 0.1146457765667575
10 0.5890593342981187 0.21220708446866485 0.054949348769898695 0.11059945504087194
10 0.6486107091172214 0.22294959128065397 0.04523878437047757 0.1088692098092643
16 0.558205499276411 0.36126021798365127 0.06322720694645441 0.11074931880108993
4 0.6292908827785817 0.3562874659400545 0.0622575976845152 0.10453678474114442
4 0.5875397973950796 0.4889441416893733 0.0630535455861071 0.09735694822888283
16 0.6841534008683068 0.4933991825613079 0.06701881331403763 0.10102179836512262
5 0.3741968162083936 0.6404972752043597 0.057843704775687406 0.10626021798365123
11 0.4956150506512301 0.6366485013623978 0.054153400868306806 0.10079700272479564
12 0.2829232995658466 0.8917370572207084 0.0597684515195369 0.09068119891008175
12 0.6372793053545587 0.7305381471389646 0.038031837916063675 0.07730926430517711
12 0.6742691751085383 0.7173569482288827 0.029406657018813315 0.08475476839237057
12 0.841808972503618 0.7114373297002725 0.04124457308248915 0.08262942779291553
11 0.7737047756874096 0.6425272479564033 0.04602026049204052 0.09061989100817439
3 0.9584225759768451 0.30158038147138966 0.06193921852387843 0.0826907356948229