0 0.27384615384615385 0.27075613079019073 0.14735849056603773 0.17677792915531335
0 0.41458635703918717 0.28415531335149863 0.10531204644412191 0.1807901907356948
0 0.5374891146589259 0.2873433242506812 0.11354136429608128 0.17542234332425066
0 0.6626124818577649 0.2950953678474114 0.11191582002902757 0.16326294277929154
0 0.7964150943396227 0.3029768392370572 0.11153846153846153 0.16560626702997275
0 0.6170682148040639 0.4618256130790191 0.09404934687953556 0.13954359673024522
0 0.749245283018868 0.4751158038147139 0.10116110304789551 0.13509536784741144
0 0.4974746008708273 0.46459128065395094 0.10317851959361393 0.13668937329700273
0 0.3918142235123367 0.4605245231607629 0.09730043541364297 0.14951634877384196
0 0.23933236574746009 0.4623228882833788 0.10042089985486212 0.1457016348773842
0 0.1288098693759071 0.4548228882833787 0.11126269956458636 0.15166893732970027