3 0.09026339691189827 0.2738856015779093 0.04854677565849228 0.2282051282051282
3 0.040644868301544054 0.2643984220907298 0.04229791099000908 0.22571992110453648
11 0.854613987284287 0.49577909270216963 0.030036330608537692 0.2529388560157791
11 0.8208083560399637 0.49282051282051287 0.029663941871026337 0.24564102564102566
13 0.791825613079019 0.48270216962524654 0.02396911898274296 0.23777120315581854
13 0.741353315168029 0.4709861932938856 0.024386920980926433 0.23400394477317554
10 0.512552225249773 0.5115581854043393 0.03858310626702997 0.22747534516765286
10 0.45709355131698454 0.5210848126232741 0.03810172570390554 0.22057199211045364
9 0.15413260672116258 0.7818737672583826 0.020208900999091735 0.19990138067061142
9 0.18868301544050864 0.7870216962524654 0.01891008174386921 0.20437869822485208
9 0.20954586739327885 0.7852859960552268 0.01845594913714805 0.19698224852071006
9 0.2314078110808356 0.7825049309664694 0.017774750227066302 0.19240631163708086
9 0.25392370572207085 0.7823076923076923 0.014368755676657585 0.19980276134122288
9 0.2752497729336966 0.7810453648915188 0.019791099000908266 0.19532544378698224
13 0.8894277929155313 0.7471794871794871 0.021271571298819257 0.24258382642998028