0 0.4012738419618529 0.14888726207906294 0.025912806539509538 0.2662957540263543
0 0.6042302452316076 0.1942459736456808 0.05000681198910081 0.29212298682284044
0 0.6876089918256131 0.1757393850658858 0.042888283378746596 0.32240117130307466
0 0.30395776566757493 0.43855051244509513 0.03822207084468665 0.2536456808199122
0 0.4817370572207085 0.4597657393850659 0.04696185286103542 0.2549780380673499
0 0.5387193460490464 0.47554904831625183 0.052895095367847415 0.27319180087847733
0 0.665483651226158 0.5144216691068815 0.044891008174386925 0.2765153733528551
0 0.6274455040871935 0.795212298682284 0.04685286103542234 0.2804245973645681
0 0.5638896457765668 0.8072620790629575 0.04276566757493188 0.26341142020497804
0 0.502799727520436 0.8289897510980967 0.037908719346049044 0.27352855051244507
0 0.3143801089918256 0.7690629575402635 0.0378133514986376 0.26799414348462663