0 0.0851750972762646 0.4034695731153497 0.15371595330739302 0.17983651226158037
0 0.23299610894941636 0.4091916439600363 0.13999999999999999 0.1822615803814714
0 0.3650778210116732 0.4039146230699364 0.10523346303501946 0.16338782924613987
0 0.5259143968871596 0.41790190735694827 0.10568093385214007 0.1698365122615804
0 0.6561284046692607 0.42909173478655765 0.11324902723735408 0.16512261580381474
0 0.8249027237354085 0.42658492279745686 0.1206614785992218 0.16567665758401454
0 0.7476459143968872 0.5930790190735695 0.09404669260700389 0.1174931880108992
0 0.6187159533073929 0.568991825613079 0.08900778210116732 0.10681198910081743
0 0.4893968871595331 0.5722252497729337 0.09509727626459144 0.11396003633060854
0 0.36990272373540856 0.5807901907356948 0.10147859922178988 0.1137511353315168
0 0.25762645914396887 0.590408719346049 0.11785992217898833 0.11562216167120799
0 0.12073929961089494 0.5684014532243414 0.14301556420233463 0.13686648501362397
0 0.1666147859922179 0.6945594913714805 0.1024124513618677 0.09619436875567665
0 0.2666342412451362 0.6988555858310627 0.08085603112840467 0.09715712988192553
0 0.37488326848249026 0.7081925522252498 0.10107003891050584 0.09291553133514986
0 0.4784046692607004 0.6958038147138965 0.08352140077821012 0.07784741144414169