12 0.18874084919472914 0.3298910081743869 0.13786237188872622 0.25835149863760215
12 0.30440702781844803 0.3472138964577657 0.08554904831625183 0.2624727520435967
15 0.9207027818448024 0.6288487738419618 0.07537335285505124 0.17283378746594005
15 0.8309077598828697 0.6287397820163487 0.06959004392386531 0.17474795640326973
15 0.6850658857979501 0.6382425068119891 0.1027086383601757 0.20510217983651224
15 0.5377598828696926 0.6423910081743869 0.11612005856515374 0.2176566757493188
14 0.4057833089311859 0.6715667574931881 0.11916544655929721 0.2173160762942779
14 0.23569546120058563 0.6616280653950953 0.13140556368960468 0.22887602179836514
1 0.7562225475841874 0.8607288828337875 0.13537335285505123 0.15796321525885557
14 0.6117423133235724 0.8761852861035423 0.10332357247437773 0.17236376021798366
11 0.5017276720351391 0.8921730245231608 0.11159590043923866 0.17835149863760216
0 0.2724597364568082 0.9229700272479564 0.1971303074670571 0.1540599455040872