15 0.2240453686200378 0.18751135331516802 0.06219281663516068 0.10260672116257948
15 0.29049149338374286 0.18763851044504995 0.056956521739130433 0.10432334241598547
15 0.3537618147448015 0.1879291553133515 0.059716446124763706 0.10491371480472299
16 0.2340453686200378 0.3127338782924614 0.056824196597353493 0.09181653042688466
16 0.29907372400756144 0.3104178019981835 0.06862003780718336 0.09330608537693007
14 0.40398865784499055 0.3149682107175295 0.06289224952741021 0.10239782016348774
15 0.4631947069943289 0.30858310626702995 0.04852551984877127 0.10362397820163488
2 0.8541965973534972 0.4634059945504087 0.06366729678638941 0.09347865576748411
2 0.7840453686200378 0.46311534968210716 0.06206049149338374 0.09485013623978203
3 0.4054253308128544 0.581008174386921 0.07799621928166352 0.0917983651226158
12 0.48062381852551983 0.8072933696639419 0.05181474480151229 0.09729336966394188
11 0.37043478260869567 0.7904813805631244 0.05328922495274102 0.08866485013623979
13 0.28901701323251416 0.8013987284287012 0.04744801512287335 0.08857402361489554
13 0.4209640831758034 0.8036148955495004 0.04204158790170132 0.09080835603996368
0 0.5316257088846881 0.46603088101725704 0.1106805293005671 0.0913260672116258