0 0.2091642228739003 0.329216621253406 0.10218475073313783 0.13431880108991825
0 0.31483870967741934 0.3237465940054496 0.10467741935483871 0.13346049046321526
0 0.42501466275659827 0.32995912806539507 0.09280058651026393 0.1427724795640327
0 0.6474926686217009 0.32964577656675753 0.0916275659824047 0.14681198910081744
0 0.7439882697947213 0.32653950953678473 0.09913489736070381 0.14681198910081744
0 0.7418035190615836 0.48649182561307897 0.08476539589442815 0.13369891008174387
0 0.6451319648093842 0.48755449591280653 0.09274193548387097 0.13513623978201633
0 0.54316715542522 0.47984332425068116 0.10227272727272728 0.12829700272479563
0 0.4334897360703812 0.4846321525885559 0.0929032258064516 0.13541553133514986
0 0.3289882697947214 0.5083651226158038 0.08326979472140762 0.1473092643051771
0 0.21897360703812319 0.5211580381471389 0.10756598240469208 0.1354700272479564