4 0.1496498054474708 0.49746594005449596 0.17414396887159533 0.16954586739327882
16 0.3037548638132296 0.48877384196185286 0.1216342412451362 0.16012715712988193
6 0.45060311284046695 0.48911898274296095 0.10933852140077821 0.1448773841961853
8 0.5876070038910506 0.5025249772933696 0.12521400778210118 0.1748773841961853
15 0.7182101167315176 0.4932697547683924 0.11289883268482491 0.1435967302452316
7 0.8537548638132295 0.4833787465940055 0.10706225680933852 0.14296094459582198
7 0.7520622568093386 0.6380563124432335 0.09852140077821012 0.10114441416893732
8 0.6468482490272374 0.6414441416893734 0.09153696498054474 0.10074477747502271
8 0.5323151750972763 0.6448319709355133 0.08813229571984435 0.10673024523160764
4 0.14972762645914395 0.6453496821071752 0.12301556420233463 0.11813805631244323
14 0.18330739299610896 0.7748864668483197 0.09959143968871595 0.08511353315168028
14 0.3894163424124514 0.7377747502270663 0.09295719844357977 0.07871934604904632
15 0.48992217898832685 0.7499455040871935 0.08883268482490271 0.07991825613079019
7 0.6918093385214007 0.7648683015440508 0.07889105058365758 0.07623978201634878
14 0.5923929961089495 0.7596366939146231 0.09717898832684825 0.07137148047229791