0 0.10432642487046632 0.08220588235294117 0.11699481865284973 0.1628308823529412
0 0.24054404145077718 0.07982843137254902 0.10632124352331607 0.1595220588235294
0 0.5247409326424871 0.08458333333333333 0.1038860103626943 0.16916666666666666
0 0.6257512953367875 0.08846813725490196 0.08209844559585493 0.1769485294117647
0 0.7447668393782384 0.0887622549019608 0.0766062176165803 0.1775245098039216
0 0.8086528497409327 0.2747549019607843 0.08562176165803108 0.18716911764705882
0 0.23961139896373054 0.27332107843137254 0.07655440414507772 0.19963235294117648
0 0.06067357512953368 0.4615196078431373 0.10709844559585494 0.14363970588235295
0 0.17761658031088084 0.4630269607843137 0.1072279792746114 0.14297794117647059
0 0.31766839378238343 0.4479779411764706 0.09466321243523315 0.1502328431372549
0 0.47642487046632126 0.4368014705882353 0.07310880829015544 0.13741421568627452
0 0.5160362694300518 0.6539583333333333 0.09044041450777202 0.13376225490196078
0 0.7578497409326425 0.6360784313725489 0.11461139896373057 0.14125000000000001