0 0.18043923865300146 0.2821457765667575 0.14243045387994144 0.1989441416893733
0 0.3196046852122987 0.28235694822888285 0.12474377745241581 0.19083106267029973
0 0.446398243045388 0.2925476839237057 0.11442166910688141 0.19413487738419619
0 0.5862371888726208 0.2967643051771117 0.11187408491947291 0.2036376021798365
0 0.7002781844802343 0.2936716621253406 0.0967203513909224 0.19104223433242506
0 0.8033089311859443 0.29271117166212535 0.09256222547584188 0.19552452316076294
0 0.7757686676427525 0.4942779291553134 0.0962371888726208 0.15346049046321525
0 0.6605856515373353 0.49246594005449595 0.10452415812591508 0.1476975476839237
0 0.5409224011713031 0.4969482288828338 0.11991215226939972 0.16093324250681199
0 0.1860029282576867 0.49331062670299725 0.10004392386530014 0.15877384196185287
0 0.2981698389458272 0.49194822888283374 0.09297218155197658 0.15838555858310627
0 0.18163982430453882 0.6602520435967303 0.10641288433382139 0.1244550408719346
0 0.28818448023426063 0.6613828337874659 0.08644216691068814 0.12593324250681198
0 0.4037042459736457 0.6673910081743869 0.08609077598828696 0.13950272479564033
0 0.4961639824304539 0.6609196185286104 0.08490483162518302 0.13123978201634878
0 0.589809663250366 0.6613419618528611 0.09612005856515374 0.13287465940054496
0 0.7010395314787702 0.6544822888283378 0.09224011713030747 0.11914850136239782
0 0.18740849194729137 0.8147138964577657 0.10453879941434847 0.13303133514986376