4 0.11435967302452316 0.20659913169319824 0.03963215258855586 0.2663965267727931
4 0.15368528610354223 0.22955137481910276 0.03655994550408719 0.2667583212735167
8 0.20106948228882834 0.21791606367583213 0.04611035422343324 0.2890448625180897
5 0.2528065395095368 0.2294356005788712 0.039455040871934605 0.28622286541244574
5 0.30361035422343324 0.2355861070911722 0.040783378746594004 0.2886830680173661
5 0.352649863760218 0.20881331403762662 0.0437874659400545 0.29299565846599135
7 0.48690054495912805 0.21416787264833576 0.03927792915531335 0.2901591895803184
7 0.5329223433242507 0.1942836468885673 0.04320844686648501 0.2934876989869754
6 0.5838692098092643 0.19772793053545584 0.03961171662125341 0.2905354558610709
1 0.7828746594005449 0.5204341534008683 0.05213896457765668 0.23154848046309695
9 0.5733855585831062 0.5411866859623733 0.02617847411444142 0.25211287988422576
12 0.1353133514986376 0.8595224312590448 0.04211852861035422 0.24473227206946457
12 0.18356267029972753 0.8443704775687411 0.03834468664850136 0.23167872648335747
13 0.21927111716621253 0.8432706222865413 0.028603542234332428 0.22206946454413892
11 0.3023160762942779 0.8678292329956584 0.037029972752043595 0.24041968162083935
11 0.3393801089918256 0.8827351664254703 0.032908719346049047 0.23452966714905935