0 0.2995776566757493 0.24151953690303907 0.03698910081743869 0.2742836468885673
0 0.34198228882833787 0.25247467438494936 0.04157356948228883 0.27609261939218527
0 0.38122615803814713 0.245123010130246 0.032854223433242506 0.2730246020260492
0 0.4214850136239782 0.2650795947901592 0.041628065395095365 0.2652966714905933
0 0.4886852861035422 0.25623733719247466 0.034005449591280656 0.2719681620839363
0 0.5483787465940054 0.2814327062228654 0.03529972752043597 0.2884804630969609
0 0.635299727520436 0.2537481910274964 0.024284741144414167 0.26063675832127353
0 0.6888215258855587 0.249739507959479 0.027677111716621256 0.26531114327062233
0 0.7328474114441417 0.25280752532561507 0.03699591280653951 0.2862662807525326
0 0.7895708446866484 0.24840810419681622 0.03634196185286104 0.28489146164978296
0 0.5170572207084468 0.5714905933429811 0.03794277929155314 0.26519536903039076
0 0.4658106267029972 0.5892764109985528 0.04307220708446866 0.27111432706222865
0 0.42164168937329705 0.5714327062228655 0.036444141689373294 0.266150506512301
0 0.3805517711171662 0.5636613603473227 0.035 0.2622431259044863
0 0.21228201634877383 0.5450361794500723 0.042779291553133515 0.23450072358900143
0 0.14745231607629428 0.5408538350217077 0.03320844686648501 0.25895803183791605
0 0.017009536784741142 0.8169898697539797 0.02495231607629428 0.20677279305354557
0 0.25446185286103545 0.8263531114327062 0.04242506811989101 0.2371490593342981
0 0.2117098092643052 0.7985672937771345 0.038644414168937324 0.2249782923299566
0 0.3277384196185286 0.8107380607814761 0.04497275204359673 0.22603473227206947
0 0.4252724795640327 0.883342981186686 0.035252043596730245 0.23151953690303906
0 0.46419618528610357 0.8826628075253256 0.036348773841961855 0.2312011577424023
0 0.519700272479564 0.8806222865412445 0.03374659400544959 0.2387698986975398
0 0.6764645776566757 0.8880318379160637 0.04282016348773842 0.2239507959479016