4 0.1429394387001477 0.32278610354223436 0.12423929098966026 0.165708446866485
16 0.29299852289512557 0.32474114441416896 0.1134711964549483 0.16700953678474115
6 0.42976366322008863 0.31940054495912806 0.11571639586410636 0.1745708446866485
8 0.5693500738552437 0.3190054495912807 0.12360413589364846 0.18160762942779293
5 0.6990546528803545 0.32070163487738423 0.0947562776957164 0.17717302452316075
7 0.8222599704579024 0.31717983651226156 0.12638109305760709 0.1935967302452316
7 0.8516543574593797 0.5073092643051771 0.1060413589364845 0.14376702997275206
14 0.19748892171344165 0.5187125340599456 0.1033234859675037 0.1418051771117166
14 0.3548744460856721 0.5083514986376022 0.08463810930576071 0.125
14 0.4518020679468242 0.5145435967302453 0.09197932053175777 0.13346730245231608
14 0.2511669128508124 0.6753133514986376 0.09765140324963072 0.1174591280653951
14 0.35347119645494834 0.674400544959128 0.08747415066469719 0.11824250681198911
14 0.4612703101920236 0.668991825613079 0.09112259970457902 0.12176430517711172