16 0.1294364161849711 0.14111035422343324 0.13764450867052022 0.18200272479564034
16 0.2540606936416185 0.16060626702997277 0.10173410404624278 0.17393051771117168
8 0.3472687861271676 0.18290871934604905 0.08095375722543353 0.17345367847411444
6 0.45362716763005784 0.184066757493188 0.09966763005780346 0.17423024523160763
7 0.08200867052023121 0.3926702997275205 0.11436416184971099 0.20470027247956404
7 0.21245664739884396 0.395074931880109 0.1204335260115607 0.1955517711171662
7 0.33091040462427745 0.39848773841961854 0.11235549132947976 0.1868732970027248
14 0.469985549132948 0.40448910081743866 0.12745664739884394 0.18726158038147137
4 0.09794797687861272 0.6354495912806539 0.15612716763005782 0.1965599455040872
11 0.5015606936416185 0.621232970027248 0.11166184971098266 0.18904632152588555
11 0.5061560693641618 0.8705517711171662 0.13403179190751446 0.21802452316076296
13 0.37209537572254336 0.8780653950953679 0.11416184971098266 0.216008174386921