0 0.36257971014492757 0.26725476839237056 0.09211594202898551 0.12512261580381473
0 0.45294202898550723 0.27081062670299727 0.08302898550724637 0.13611035422343323
0 0.5653768115942029 0.2700340599455041 0.07818840579710146 0.1371457765667575
0 0.6603623188405797 0.26780653950953676 0.09069565217391304 0.1410899182561308
0 0.7611304347826087 0.2571049046321526 0.09004347826086957 0.15201634877384196
0 0.8655942028985507 0.2568460490463215 0.0967536231884058 0.14891008174386922
0 0.8606376811594203 0.4217847411444141 0.09785507246376811 0.1438692098092643
0 0.7580434782608695 0.42049046321525885 0.09623188405797102 0.1412874659400545
0 0.6523768115942029 0.42084468664850133 0.0788695652173913 0.13617847411444142
0 0.5606376811594203 0.428732970027248 0.09072463768115942 0.1390190735694823
0 0.4478550724637681 0.43260899182561313 0.08523188405797102 0.13384877384196187
0 0.36588405797101453 0.42582425068119895 0.06984057971014493 0.13190735694822886
0 0.3462753623188406 0.5788283378746594 0.08153623188405797 0.12692779291553136
0 0.4459275362318841 0.5684196185286103 0.08688405797101449 0.13067438692098093
0 0.5429710144927536 0.5846457765667575 0.0897536231884058 0.1359741144414169
0 0.6329275362318841 0.580633514986376 0.08808695652173913 0.13571525885558583
0 0.7358695652173913 0.5805722070844687 0.08904347826086956 0.14205040871934604