0 0.12614705882352942 0.34897138964577656 0.13463235294117645 0.18143051771117163
0 0.25805882352941173 0.35626702997275206 0.11347058823529411 0.16940054495912807
0 0.38582352941176473 0.36355585831062676 0.12080882352941177 0.16588555858310627
0 0.7742352941176471 0.36699591280653954 0.09872058823529412 0.162574931880109
0 0.6581764705882353 0.37099455040871937 0.10273529411764706 0.1680381471389646
0 0.5419411764705883 0.37705040871934603 0.10092647058823528 0.16837874659400545
0 0.7299117647058824 0.5346321525885559 0.09544117647058824 0.128508174386921
0 0.6136764705882353 0.5387602179836513 0.09545588235294117 0.12497275204359673
0 0.510235294117647 0.5400204359673024 0.09561764705882353 0.1342234332425068
0 0.3793676470588236 0.5328678474114441 0.10814705882352942 0.14263623978201634
0 0.26023529411764706 0.542540871934605 0.11688235294117648 0.1434809264305177
0 0.11748529411764706 0.5359809264305178 0.122 0.14381471389645778
0 0.12947058823529412 0.7173705722070844 0.11691176470588235 0.12294959128065396
0 0.24905882352941178 0.7073978201634877 0.11452941176470588 0.1307765667574932