0 0.2503808487486398 0.39761979166666667 0.10871599564744287 0.13405208333333332
0 0.3521871599564745 0.40113541666666663 0.0881284004352557 0.13720833333333332
0 0.4510554951033732 0.40190624999999996 0.1020892274211099 0.13875520833333335
0 0.574265505984766 0.4049791666666666 0.0988683351468988 0.13714583333333333
0 0.6878672470076169 0.40500520833333337 0.101860718171926 0.14328645833333334
0 0.80170837867247 0.4085729166666667 0.10068552774755168 0.14322916666666666
0 0.7593906420021763 0.5579635416666666 0.09095756256800872 0.11693229166666666
0 0.652328618063112 0.5516249999999999 0.09054406964091403 0.11857291666666667
0 0.5530576713819368 0.5480937499999999 0.08969532100108815 0.11662499999999999
0 0.4489336235038085 0.544671875 0.09194776931447225 0.114890625
0 0.34956474428726875 0.5417291666666666 0.08448313384113167 0.11616666666666667
0 0.2603917301414581 0.5376145833333333 0.08673558215451577 0.11458333333333333