4 0.22242028985507245 0.3777043596730245 0.13327536231884057 0.17735694822888284
4 0.36079710144927535 0.3715599455040872 0.1053768115942029 0.17420980926430518
6 0.46902898550724637 0.36882152588555855 0.08418840579710145 0.16669618528610355
8 0.5744782608695652 0.3681675749318801 0.09289855072463768 0.16278610354223433
6 0.7116521739130435 0.36635558583106265 0.07989855072463768 0.15838555858310627
7 0.8038260869565217 0.3614577656675749 0.0820144927536232 0.15707765667574933
7 0.7617971014492754 0.5205517711171662 0.08333333333333333 0.12104223433242507
15 0.6609130434782609 0.5210899182561308 0.08679710144927537 0.12366485013623978
15 0.5509855072463768 0.530967302452316 0.08859420289855073 0.12798365122615804
14 0.423 0.5348637602179837 0.09204347826086956 0.12960490463215257
14 0.24946376811594204 0.5487942779291554 0.10946376811594204 0.1319891008174387
15 0.6119710144927536 0.6529836512261581 0.08413043478260869 0.10576294277929155
15 0.5056666666666667 0.6581880108991826 0.08004347826086956 0.11077656675749319
15 0.41052173913043477 0.6617370572207084 0.07857971014492754 0.10553133514986375
15 0.31555072463768113 0.6810286103542235 0.08730434782608695 0.11014986376021797
15 0.2025942028985507 0.6750136239782016 0.07156521739130435 0.11046321525885558