0 0.06057518888618084 0.199640625 0.037153302461613455 0.1774895833333333
0 0.097075310748233 0.2057135416666667 0.03392152083841092 0.17161979166666666
0 0.2541701194248111 0.19603645833333333 0.017908847184986598 0.1828125
0 0.6617548135510601 0.21142708333333332 0.020950524006824272 0.19792708333333334
0 0.6855764075067025 0.20301041666666667 0.020214477211796245 0.19597395833333334
0 0.7117475018279308 0.199875 0.019780648306117473 0.19596875
0 0.7368291494028759 0.21628125 0.01973921520838411 0.182578125
0 0.761364854984158 0.20433854166666665 0.013470631245430173 0.175140625
0 0.8300633682671216 0.20547395833333332 0.01783329271264928 0.17348958333333334
0 0.0420472824762369 0.38619270833333336 0.026480623933707044 0.15586979166666665
0 0.01461857177674872 0.376953125 0.023297587131367294 0.1561875
0 0.09214477211796246 0.542828125 0.02955885937119181 0.14020833333333332
0 0.30135266877894223 0.5698072916666667 0.03164757494516208 0.14013020833333334
0 0.3363490129173775 0.5556354166666666 0.033473068486473315 0.14467708333333332
0 0.48732634657567636 0.56875 0.014752620034121375 0.13409895833333335
0 0.5035047526200341 0.55234375 0.013760662929563735 0.13496875
0 0.6487984401657324 0.5611145833333333 0.019588106263709482 0.14624479166666668