0 0.11419092755585647 0.22700716845878136 0.0668381855111713 0.08531660692951015
0 0.18322951929587 0.22504181600955797 0.05931618144888287 0.08138888888888889
0 0.25296547054840895 0.22365292712066903 0.061530128639133375 0.07533452807646356
0 0.32714962762356126 0.22896654719235365 0.05132701421800948 0.08105436081242533
0 0.3900744752877454 0.23177120669056153 0.052904536222071766 0.07725209080047789
0 0.440155721056195 0.22142174432497014 0.04363574813811781 0.07373655913978494
0 0.5187880839539607 0.2240173237753883 0.0636560595802302 0.08752090800477896
0 0.5887136086662152 0.22577658303464754 0.06532159783344618 0.08040322580645161
0 0.6728300609343263 0.22640979689366786 0.06199052132701422 0.08862604540023895
0 0.7319972918077184 0.21297491039426522 0.04863236289776574 0.08343488649940262
0 0.793337846987136 0.21350358422939067 0.06374407582938389 0.07876642771804061
0 0.8737305348679756 0.21485364396654721 0.06317535545023698 0.08391875746714456
0 0.8525930941096818 0.2893339307048985 0.05427894380501016 0.06350358422939069
0 0.785727826675694 0.28935185185185186 0.0485308056872038 0.06313620071684588
0 0.6455585646580907 0.29749402628434884 0.05568043331076506 0.052416367980884115
0 0.57832769126608 0.2969832735961768 0.05289776574136763 0.05180406212664277
0 0.3684631008801625 0.2986409796893668 0.05420446851726473 0.051433691756272396
0 0.12207176709546379 0.296063321385902 0.05848341232227488 0.050370370370370364
0 0.11778605280974949 0.4093219832735962 0.09272173324306025 0.10848864994026285
0 0.20172647257955315 0.40691457586618873 0.06964793500338524 0.1036768219832736
0 0.27773188896411644 0.4018847072879331 0.06542315504400813 0.10455495818399045
0 0.3675626269465132 0.4074074074074074 0.07024373730534868 0.1035663082437276
0 0.4686865267433988 0.401305256869773 0.07384563303994583 0.10112007168458782
0 0.562863913337847 0.4082437275985663 0.07314827352742045 0.10538829151732376
0 0.6409140148950575 0.40974313022700115 0.06895734597156397 0.09993130227001194
0 0.7693297224102911 0.3748267622461171 0.060941096817874074 0.08774790919952209
0 0.8369735951252539 0.3771326164874552 0.06293161814488829 0.08467443249701315
0 0.9153351387948545 0.37568996415770606 0.06021665538253216 0.09063022700119475
0 0.8937711577522004 0.4577867383512545 0.051076506431956666 0.06380824372759857
0 0.8264793500338524 0.4568847072879331 0.05326337169939066 0.06161887694145759
0 0.7670209884901829 0.5193399044205496 0.03976980365605958 0.04663381123058542
0 0.6225321597833446 0.5080017921146953 0.05222748815165877 0.08006869772998805
0 0.4656736628300609 0.518031660692951 0.0756668923493568 0.06246415770609319
0 0.12513202437373053 0.5097670250896057 0.07672985781990521 0.07706690561529271
0 0.2835274204468517 0.5201672640382318 0.07433987813134732 0.0592921146953405
0 0.20710223425863236 0.5216129032258064 0.07377792823290454 0.053679808841099165
0 0.137291807718348 0.6220430107526882 0.07087339201083277 0.09295101553166069
0 0.20960054163845632 0.6408661887694146 0.06494245091401489 0.08571087216248506
0 0.28257955314827354 0.6442084826762245 0.07178063642518619 0.09331242532855437
0 0.5642586323628977 0.6305854241338111 0.05890995260663508 0.08209378733572283
0 0.6418144888287068 0.6341338112305854 0.05827352742044685 0.08048984468339307
0 0.8136018957345972 0.6288231780167265 0.05610697359512526 0.08269115890083632
0 0.8892281651997292 0.6319354838709677 0.05682464454976304 0.08158900836320192
0 0.7392620176032499 0.7120011947431303 0.049675016926201764 0.06629330943847073
0 0.48716993906567363 0.7144743130227001 0.04697359512525389 0.06573775388291517
0 0.43832769126607984 0.7266099163679809 0.04584292484766418 0.06527777777777778
0 0.20508463100880164 0.7237694145758662 0.05487474610697359 0.07608721624850658
0 0.2823764387271496 0.726242532855436 0.06306025727826675 0.06637694145758662
0 0.3407718348002708 0.7108094384707287 0.03761679079214624 0.06574074074074074
0 0.13531482735274206 0.8094713261648746 0.07626269465132024 0.06977299880525686
0 0.21436696005416384 0.8197043010752688 0.07344617467840217 0.09069892473118281
0 0.2986662153012864 0.8217891278375149 0.08838185511171293 0.09752090800477897
0 0.7355044008124576 0.8644324970131422 0.05069735951252539 0.0853405017921147
0 0.21215301286391336 0.9122729988052568 0.061570751523358155 0.09350657108721624
0 0.30249830737982397 0.9152747909199522 0.0777183480027082 0.08827060931899641
0 0.3691943127962085 0.904357825567503 0.05383209207853758 0.08313321385902031
0 0.4435612728503724 0.8898685782556751 0.054766418415707514 0.08916965352449224
0 0.5011983750846309 0.8818399044205496 0.053540961408259986 0.08435185185185186