0 0.5706481481481481 0.1689965178854068 0.028638888888888887 0.06706236150680595
0 0.7454907407407407 0.2625546058879392 0.08194444444444444 0.06222222222222222
0 0.5624166666666667 0.25552706552706556 0.0769537037037037 0.06751820196264641
0 0.43648148148148147 0.3531750553972776 0.11387962962962962 0.09577081354859134
0 0.6030555555555556 0.34314656536878757 0.049574074074074076 0.06769863880974993
0 0.5428333333333333 0.3450997150997151 0.04052777777777778 0.06703703703703703
0 0.27918518518518515 0.5110636277302945 0.08842592592592592 0.1301994301994302
0 0.48760185185185184 0.48371003482114594 0.08371296296296296 0.10529597974042418
0 0.6836111111111111 0.5350205761316873 0.03858333333333334 0.07091801202912314
0 0.3336296296296296 0.6496011396011396 0.08022222222222222 0.10658436213991769
0 0.5280092592592592 0.6411522633744856 0.08256481481481481 0.09324469768914213
0 0.7062592592592593 0.7114561570117125 0.04224074074074074 0.05904083570750237
0 0.5354166666666667 0.7564893953782843 0.07136111111111111 0.08105729661285217