10 0.03559640522875817 0.18955555555555556 0.06731209150326797 0.17547222222222222
9 0.1376062091503268 0.3694722222222222 0.024754901960784316 0.15960185185185186
9 0.21790849673202617 0.7597685185185185 0.027426470588235295 0.1313888888888889
9 0.14594771241830065 0.7057037037037037 0.026544117647058826 0.1557962962962963
7 0.41643790849673207 0.4313888888888889 0.03861928104575164 0.1517314814814815
5 0.4587173202614379 0.43071296296296296 0.03451797385620915 0.15038888888888888
5 0.4948856209150327 0.4306759259259259 0.03012254901960784 0.1443888888888889
14 0.5497794117647058 0.5947592592592593 0.039346405228758166 0.13569444444444445
8 0.5074346405228758 0.5954722222222222 0.0358578431372549 0.13965740740740742
4 0.43026143790849675 0.5966944444444444 0.040179738562091505 0.13788888888888887
5 0.6395261437908496 0.3741666666666667 0.04318627450980392 0.16999074074074075
5 0.6856699346405228 0.37378703703703703 0.03944444444444445 0.1647037037037037
14 0.8470915032679738 0.5558981481481482 0.05150326797385621 0.1563148148148148
14 0.759656862745098 0.5595277777777777 0.042704248366013074 0.15147222222222223
8 0.705171568627451 0.5578981481481481 0.04709967320261438 0.15955555555555556
4 0.6148447712418301 0.5605462962962963 0.04584150326797386 0.15426851851851853
9 0.7915359477124183 0.7003333333333334 0.027091503267973854 0.1307777777777778