0 0.06130891129862111 0.15706770833333333 0.03214653220827331 0.18122916666666666
0 0.09006791520889071 0.15632291666666667 0.024103725046305827 0.177125
2 0.23169376414900184 0.15252083333333333 0.01854496810043219 0.20182291666666666
2 0.25305001029018315 0.14361458333333335 0.019164437126980863 0.20846354166666667
11 0.6757748507923441 0.16871354166666666 0.02440831446799753 0.25953125
11 0.6987548878370035 0.18775520833333334 0.0186087672360568 0.24172916666666666
12 0.7271002263840296 0.18744791666666666 0.020784111957192836 0.24023958333333334
12 0.7535501131920148 0.20154687500000001 0.021578514097550936 0.24835416666666665
13 0.7798086025931262 0.1890625 0.01612677505659601 0.22949999999999998
3 0.0929450504218975 0.50575 0.029514303354599713 0.14420312500000002
10 0.28678123070590655 0.5782239583333334 0.03214035809837415 0.15359375
10 0.323912327639432 0.5712604166666666 0.03624819921794608 0.15650520833333334
9 0.46287301913974066 0.5989687499999999 0.016122658983329905 0.16639062500000001
6 0.6448549084173698 0.6347239583333334 0.017170199629553407 0.188515625