9 0.03510905288317897 0.37131770833333333 0.022470869435315205 0.14705208333333333
10 0.3864236629817747 0.37471875000000004 0.03706005377950403 0.15385416666666665
0 0.502279653420974 0.37864583333333335 0.04317597848819838 0.15385416666666665
2 0.7234807290110546 0.3998125 0.025010457125784282 0.16085416666666666
2 0.7484463698834778 0.3998125 0.020510905288317897 0.15561979166666667
2 0.8829220197191514 0.4356041666666667 0.023704810277860772 0.16438541666666667
2 0.9091425156856887 0.43436458333333333 0.02321780699133552 0.16059374999999998
1 0.4635076187630714 0.574453125 0.04783985658798925 0.14959375000000003
9 0.04714072303555423 0.5624166666666667 0.017254257544069316 0.141875
3 0.42480729011054674 0.7535833333333334 0.0353749626531222 0.1342239583333333
3 0.4700209142515686 0.7630364583333333 0.03571556617866747 0.14200520833333333
9 0.28960860472064537 0.7578333333333334 0.016785180758888556 0.13857291666666666