0 0.23395736793327154 0.26125000000000004 0.047210379981464316 0.10483854166666666
0 0.2823262279888786 0.25653645833333333 0.04509731232622798 0.11134895833333333
0 0.34313253012048195 0.2605 0.04597775718257646 0.10925520833333334
0 0.5485078776645042 0.38192187499999997 0.03699721964782206 0.10392708333333332
0 0.548035217794254 0.6394635416666666 0.050936051899907325 0.09544791666666666
0 0.4552455977757182 0.6343020833333333 0.05822057460611677 0.095453125
0 0.19431881371640405 0.764140625 0.050018535681186284 0.094859375
0 0.27340129749768305 0.75990625 0.0592678405931418 0.09302083333333333
0 0.3293327154772938 0.763515625 0.04582947173308619 0.097296875
0 0.37977757182576455 0.7634427083333333 0.050936051899907325 0.09861979166666666
0 0.39457831325301207 0.9110572916666667 0.043169601482854494 0.09423958333333333