0 0.2840910845233501 0.13823958333333333 0.051825549980702434 0.18933854166666667
0 0.5602508683905828 0.132421875 0.0577884986491702 0.18095833333333333
0 0.6248243921265921 0.13461979166666668 0.058633732149749124 0.18535416666666665
0 0.6821729062138171 0.134703125 0.05285218062524122 0.187140625
0 0.7375955229641065 0.15011458333333336 0.056472404477035894 0.1773125
0 0.7960517174835972 0.14990625 0.054716325742956394 0.17771875
0 0.8540640679274412 0.14848958333333334 0.058695484368969514 0.17894270833333334
0 0.9104168274797375 0.14686458333333335 0.04912389038981088 0.17244270833333333
0 0.9666730991895022 0.15076562500000001 0.05321111539945967 0.17373958333333334
0 0.8325897336935545 0.37865624999999997 0.032010806638363566 0.15316666666666665
0 0.7958278656889232 0.38763020833333334 0.03344654573523736 0.15442187500000001
0 0.7598803550752605 0.379578125 0.029876495561559243 0.15302083333333333
0 0.7231455036665381 0.38258333333333333 0.027703589347742186 0.15234895833333334
0 0.36832497105364725 0.37469791666666663 0.03250868390582787 0.15595833333333334
0 0.4026900810497877 0.374265625 0.02498649170204554 0.15709375
0 0.42833654959475104 0.37299479166666666 0.022805866460825937 0.16123437499999999
0 0.46235430335777694 0.37253125 0.032917792358162876 0.16163541666666664
0 0.4968622153608645 0.37613541666666667 0.029644924739482825 0.15816145833333334
0 0.5317869548436897 0.3748697916666667 0.030675414897722887 0.15963541666666667
0 0.5742145889617908 0.3760677083333333 0.039285989965264376 0.16203645833333333
0 0.6125935932072559 0.38635937499999995 0.02989193361636434 0.16123437499999999
0 0.6525434195291393 0.37673958333333335 0.0375106136626785 0.163375
0 0.4984137398687766 0.7666666666666667 0.04017367811655732 0.13611458333333332
0 0.04737167116943265 0.7760208333333334 0.021366267850250868 0.13544791666666667
0 0.06999614048629874 0.7772864583333334 0.02205712080277885 0.14733854166666666
0 0.6198687765341566 0.925484375 0.021173292165187187 0.12903645833333333
0 0.6630142802006946 0.9319010416666667 0.02279814743342339 0.1178125
0 0.829548436896951 0.90878125 0.024639135468930914 0.12435416666666667
0 0.8678927055191046 0.9132552083333334 0.019633346198379004 0.11860937499999999