0 0.48275183326900806 0.196484375 0.06062910073330761 0.15808854166666667
0 0.576854496333462 0.174453125 0.03316866074874566 0.154390625
0 0.6216094172134311 0.1948645833333333 0.024110382091856425 0.15314583333333334
0 0.6745735237360092 0.17826562499999998 0.044955615592435355 0.1540520833333333
0 0.7551138556541875 0.17931770833333335 0.0598687765341567 0.15843229166666667
0 0.8492358162871477 0.15606770833333333 0.032026244693168664 0.15627083333333333
0 0.895611732921652 0.17871874999999998 0.026634504052489388 0.15894270833333335
0 0.9486646082593593 0.16041666666666668 0.04596680818216904 0.15928124999999999
0 0.34212659204940177 0.378640625 0.043909687379390196 0.13189062499999998
0 0.08336163643380934 0.5279583333333333 0.017140100347356232 0.11290625
0 0.11864145117715166 0.530515625 0.01720957159397916 0.12534375
0 0.33021227325357005 0.5476093750000001 0.022053261289077575 0.12659895833333332
0 0.3534118101119259 0.5590833333333334 0.019648784253184098 0.12497916666666667
0 0.18572751833269008 0.6742291666666667 0.026669239675800847 0.12215625
0 0.12397143959861057 0.66421875 0.03057892705519105 0.12252604166666667
0 0.04594365109996141 0.6705156250000001 0.03487842531840988 0.1251875
0 0.07983404091084523 0.6693645833333334 0.02751447317637978 0.13334374999999998
0 0.1510420686993439 0.7970260416666667 0.030111925897336935 0.123671875