4 0.2424400871459695 0.428 0.053202614379084974 0.17496605744125326
16 0.31989651416122006 0.42958224543080936 0.06653050108932462 0.1752532637075718
6 0.3758551198257081 0.41344647519582245 0.0406318082788671 0.1711383812010444
8 0.42495642701525055 0.4238433420365535 0.04242919389978214 0.16304960835509139
6 0.5392755991285403 0.4157597911227154 0.03610021786492375 0.1613211488250653
14 0.3023529411764706 0.624710182767624 0.05479302832244008 0.15322193211488253
14 0.32453159041394336 0.7500939947780679 0.04718409586056645 0.09640208877284596
14 0.6688888888888889 0.6925169712793734 0.0445479302832244 0.10904960835509139
16 0.6339488017429195 0.8165953002610966 0.04696078431372549 0.09582767624020887
14 0.6316938997821351 0.5664856396866841 0.053747276688453166 0.15302349869451698
16 0.6400544662309369 0.3661879895561358 0.06594771241830065 0.17770757180156657
6 0.6972113289760348 0.3497284595300261 0.04244553376906318 0.17727415143603134
8 0.747363834422658 0.3569451697127937 0.046350762527233115 0.17149869451697128
6 0.8634858387799563 0.34351958224543083 0.040610021786492374 0.15908093994778066