0 0.12235033259423503 0.14750520833333333 0.04669623059866962 0.1230625
0 0.2593569844789357 0.09933333333333333 0.04667960088691796 0.14446875
0 0.3212028824833703 0.111953125 0.03905210643015521 0.13364583333333335
0 0.20002771618625279 0.30221875 0.06473392461197339 0.12430208333333333
0 0.14467849223946785 0.29785416666666664 0.0451829268292683 0.121765625
0 0.13817627494456763 0.45732812500000003 0.025582039911308203 0.113375
0 0.16596452328159644 0.46236979166666664 0.024196230598669623 0.11500520833333333
0 0.17315964523281596 0.6244062499999999 0.06436807095343682 0.12751041666666665
0 0.2831319290465632 0.6377864583333334 0.04925720620842572 0.132859375
0 0.24349778270509978 0.7852916666666666 0.022749445676274942 0.12700520833333334
0 0.6531374722838137 0.5053593749999999 0.03157427937915743 0.1341302083333333
0 0.7036308203991131 0.50046875 0.03670731707317073 0.13086458333333334
0 0.7806929046563192 0.5011875 0.024135254988913526 0.11794791666666667
0 0.8144512195121951 0.6527864583333333 0.034002217294900224 0.12158854166666666