9 0.044839830181397144 0.3300416666666666 0.020293323041296794 0.13035416666666666
10 0.2835777692010807 0.36601041666666667 0.04608645310690853 0.1451875
10 0.46818216904670007 0.38388541666666665 0.054064067927441145 0.15381770833333333
0 0.6026592049401776 0.3762916666666667 0.03794287919722115 0.12792187500000002
10 0.8123658818988808 0.4200052083333333 0.03847549208799691 0.15040104166666665
2 0.9084446159783868 0.43220833333333336 0.0248900038595137 0.154109375
2 0.9401736781165573 0.43103125000000003 0.03123118487070629 0.15532291666666667
1 0.5623543033577769 0.5651041666666666 0.060467001157854104 0.128703125
9 0.22868390582786569 0.5258541666666666 0.01563874951756079 0.12728645833333332
10 0.051825549980702434 0.6563958333333333 0.04060594365109996 0.10216145833333333
12 0.3188267078348128 0.6930833333333334 0.0236896950984176 0.11438541666666667
13 0.3407603241991509 0.6812447916666666 0.017468159011964492 0.09161458333333333
3 0.5106869934388267 0.752765625 0.039953685835584715 0.095375
3 0.5602894635275956 0.7187395833333333 0.03897336935546122 0.10489583333333334