0 0.06034657902599343 0.40757812499999996 0.022614281446071107 0.07889583333333333
0 0.0853749626531222 0.40979687499999995 0.02203465790259934 0.07897916666666666
0 0.05596952494771437 0.4884114583333333 0.022088437406632806 0.0770625
2 0.04446967433522558 0.5726614583333334 0.015554227666567076 0.06815104166666666
2 0.06370182252763669 0.5689218749999999 0.012608305945622946 0.071109375
3 0.08388108754108156 0.647234375 0.017798028084852105 0.06597395833333333
3 0.10890947116821033 0.6512552083333334 0.019214221691066628 0.07010416666666666
0 0.23953092321481925 0.4141822916666667 0.024278458320884374 0.08471354166666667
2 0.20351359426351956 0.50178125 0.013107260233044517 0.08554166666666667
2 0.19314908873618167 0.5839427083333334 0.011837466387809978 0.0750625
10 0.4022886166716463 0.38403645833333333 0.020131461009859575 0.08597395833333334
9 0.37802808485210637 0.5752083333333334 0.010394383029578727 0.073546875
10 0.3960023902001793 0.5741979166666666 0.019838661487899614 0.07279166666666666
9 0.3274902898117717 0.6586875 0.009471168210337616 0.06699999999999999
9 0.3364595159844637 0.6567552083333333 0.007475351060651329 0.06777083333333334
9 0.35063340304750523 0.659921875 0.010131461009859575 0.071015625
11 0.8528293994622049 0.7060729166666667 0.013483716761278759 0.08122395833333333
12 0.8392231849417389 0.7068854166666667 0.009725126979384522 0.07590104166666665
16 0.8995518374663879 0.4840625 0.01644756498356737 0.07490104166666667
11 0.9455631909172394 0.485546875 0.009366596952494772 0.07439583333333334
12 0.9566925605019421 0.48442708333333334 0.009055870929190319 0.07293229166666666
13 0.9533164027487302 0.5666875 0.0060711084553331345 0.06506770833333334
13 0.9458978189423365 0.5680572916666667 0.0069345682700926205 0.0589375