0 0.05013523391812865 0.08051851851851852 0.03728801169590643 0.1610462962962963
0 0.09755847953216375 0.08775925925925926 0.04050438596491228 0.1753425925925926
0 0.14328216374269004 0.14394444444444446 0.020635964912280702 0.1839259259259259
0 0.18557748538011695 0.1550277777777778 0.015529970760233918 0.17419444444444443
0 0.21650219298245615 0.1746388888888889 0.019948830409356723 0.16111111111111112
0 0.18612938596491227 0.5582870370370371 0.013084795321637427 0.1551574074074074
0 0.17033625730994154 0.5646944444444445 0.0160233918128655 0.18024074074074073
0 0.14881213450292397 0.5641666666666666 0.016209795321637428 0.18
0 0.2692141812865497 0.5853796296296296 0.012766812865497076 0.21833333333333335
0 0.29389619883040935 0.5842314814814815 0.022763157894736843 0.21604629629629632
0 0.315062134502924 0.576712962962963 0.016048976608187132 0.1944722222222222
0 0.31186769005847953 0.09237037037037038 0.019667397660818715 0.18474074074074076
0 0.3552448830409357 0.10033333333333333 0.020917397660818713 0.18906481481481482
0 0.33300073099415206 0.11687962962962964 0.019985380116959064 0.20744444444444443
0 0.37679824561403513 0.10736111111111112 0.019173976608187135 0.18187037037037035
0 0.45635233918128654 0.5964166666666667 0.01760233918128655 0.22324074074074074
0 0.48290204678362575 0.5937962962962963 0.022306286549707604 0.2245462962962963
0 0.5046345029239766 0.5847222222222223 0.01833698830409357 0.19823148148148148
0 0.4987792397660819 0.09731481481481481 0.022119883040935675 0.19200925925925927
0 0.520124269005848 0.12150925925925925 0.01866593567251462 0.20442592592592593
0 0.543611111111111 0.11260185185185186 0.02046783625730994 0.1980648148148148
0 0.5635964912280702 0.11407407407407408 0.01817251461988304 0.17812037037037037
0 0.875186403508772 0.09653703703703705 0.028464912280701752 0.19187037037037036
0 0.9324086257309943 0.08898148148148148 0.021940789473684212 0.17796296296296296
0 0.9547697368421053 0.1033425925925926 0.020504385964912282 0.2064814814814815
0 0.9793384502923976 0.09669444444444444 0.023885233918128652 0.19318518518518518
0 0.885376461988304 0.6041481481481482 0.021787280701754386 0.2262314814814815
0 0.9155738304093568 0.5993148148148149 0.025683479532163742 0.2246203703703704
0 0.9386147660818714 0.592462962962963 0.01843567251461988 0.20285185185185187