5 0.0997276688453159 0.08777001612036539 0.05724945533769063 0.17554003224073078
8 0.1952941176470588 0.10130574959699086 0.08028867102396514 0.19953250940354647
8 0.2805718954248366 0.10214938205265986 0.06711873638344226 0.20429876410531972
6 0.5007298474945534 0.09818914562063406 0.06265795206971678 0.19637829124126813
16 0.6799400871459694 0.09763567974207414 0.06852941176470588 0.18925846319183234
7 0.7384368191721132 0.1160934981192907 0.049417211328976036 0.2012197743148845
7 0.8034095860566448 0.12240730789897905 0.05663398692810458 0.17202041912950028
10 0.9162309368191721 0.12192907039226222 0.07253267973856209 0.19527673293927997
10 0.8631699346405228 0.3123804406233208 0.0653322440087146 0.17627082213863515
10 0.6900217864923748 0.2998710370768404 0.08943899782135077 0.16445459430413756
12 0.609809368191721 0.3326652337452982 0.04281045751633986 0.19776464266523375
2 0.5632135076252723 0.33648576034390115 0.041100217864923745 0.18925846319183234
3 0.2973856209150327 0.378312735088662 0.0769553376906318 0.19732939279957012
0 0.16049019607843137 0.34771090811391725 0.0895152505446623 0.19336378291241269
1 0.08046296296296296 0.5763567974207415 0.09904684095860566 0.18543793659322946
1 0.18629629629629632 0.5807630306286943 0.10766339869281046 0.18691026329930144
3 0.08253812636165576 0.7911767866738313 0.06898148148148149 0.17554003224073078
12 0.5274673202614378 0.8197581945190757 0.050686274509803925 0.1923374529822676
12 0.6151579520697168 0.7747017732401935 0.05053376906318083 0.17120365394948953
10 0.8796078431372549 0.7397743148844708 0.08259259259259258 0.18206340677055347
10 0.682037037037037 0.5349758194519076 0.08437363834422658 0.17180010746910265
13 0.7561002178649238 0.5217571198280494 0.0388562091503268 0.1679365932294465