0 0.3959073569482289 0.16301041666666669 0.032768392370572205 0.14263020833333334
0 0.6868119891008174 0.12707812500000001 0.06866485013623978 0.14575
0 0.7553514986376021 0.13330208333333332 0.061912806539509535 0.14673958333333334
0 0.9830136239782016 0.12822395833333333 0.03397275204359673 0.1423125
0 0.6135694822888283 0.3055 0.05293188010899182 0.12820833333333334
0 0.5689427792915531 0.30948437500000003 0.03505177111716621 0.12940104166666666
0 0.40359128065395095 0.328046875 0.04323160762942779 0.12434895833333333
0 0.3396893732970028 0.32833854166666665 0.0331008174386921 0.12909375
0 0.3700326975476839 0.31126041666666665 0.02296457765667575 0.11577083333333334
0 0.2726757493188011 0.328859375 0.03092643051771117 0.12596875000000002
0 0.6247901907356949 0.45913541666666663 0.04922070844686648 0.11524479166666667
0 0.5466376021798365 0.1643125 0.03600544959128065 0.1429375