4 0.3585572139303483 0.2995185185185185 0.08978109452736319 0.2399814814814815
16 0.4566766169154229 0.2944166666666667 0.08767164179104478 0.2492685185185185
5 0.5455522388059701 0.3226203703703704 0.08432835820895522 0.23229629629629628
5 0.6741691542288557 0.32330555555555557 0.06067661691542288 0.18323148148148147
12 0.314318407960199 0.7008888888888889 0.057980099502487566 0.1794537037037037
13 0.5112437810945273 0.7298888888888888 0.0600497512437811 0.1617962962962963
13 0.6852039800995025 0.6544074074074074 0.0399502487562189 0.14757407407407408
11 0.7562587064676617 0.6637500000000001 0.06461691542288557 0.15041666666666664
11 0.7353233830845771 0.8335092592592593 0.0465771144278607 0.12641666666666668
2 0.6430746268656716 0.8178703703703704 0.03144278606965174 0.12127777777777776
11 0.5432437810945274 0.9228888888888889 0.06446766169154229 0.13965740740740742
2 0.4288955223880597 0.9039259259259259 0.041402985074626864 0.1326111111111111
12 0.27437810945273633 0.8815555555555556 0.07112437810945274 0.14647222222222223
12 0.3724676616915423 0.8840092592592593 0.05536318407960199 0.13078703703703703
1 0.053681592039800996 0.7341018518518518 0.09341293532338309 0.12147222222222222