0 0.21628540305010893 0.07633530360021494 0.041301742919389976 0.15073078989790434
0 0.36106209150326796 0.08692101020956475 0.044253812636165575 0.16158516926383665
0 0.5501797385620915 0.07885545405695862 0.033796296296296297 0.1563729177861365
0 0.7375108932461873 0.10327243417517463 0.04007080610021786 0.15849005910800645
0 0.9271187363834423 0.08619559376679205 0.0385838779956427 0.16498656636217088
0 0.8657734204793028 0.265583019881784 0.0370479302832244 0.15182160128962924
0 0.8066394335511983 0.25171950564212786 0.03872004357298475 0.15140247178936056
0 0.6289978213507624 0.2489306824288017 0.02722222222222222 0.1361149919398173
0 0.4854466230936819 0.25390112842557766 0.04087145969498911 0.15334228909188607
0 0.42674836601307187 0.23885545405695863 0.03847494553376906 0.1560075228371843
0 0.2479193899782135 0.23519075765717357 0.03065904139433551 0.1399892530897367
0 0.20601851851851852 0.2333315421816228 0.024449891067538126 0.13889844169801183
0 0.15134531590413944 0.22869425040300914 0.03196078431372549 0.1496399785061795
0 0.1589705882352941 0.3766200967221924 0.03983115468409586 0.1390811391724879
0 0.5246514161220044 0.415905427189683 0.07068627450980393 0.13392262224610424
0 0.9071895424836601 0.4264911337990328 0.06760893246187363 0.13264373992477163
0 0.7607516339869281 0.5766953250940354 0.060718954248366014 0.12421278882321332
0 0.691230936819172 0.5680171950564212 0.06005446623093682 0.12263836646963998
0 0.3736655773420479 0.5683503492745836 0.060239651416122 0.1257334766254702
0 0.30417755991285406 0.5559484148307361 0.06148148148148148 0.12336915636754434
0 0.1481699346405229 0.56107469102633 0.0415958605664488 0.13058570660934982
0 0.15955337690631807 0.6891617409994626 0.03852941176470588 0.11675980655561526
0 0.20475490196078433 0.6876141859215475 0.0354520697167756 0.11548629768941429
0 0.2535838779956427 0.6964696399785062 0.0371677559912854 0.116211714132187
0 0.6410348583877996 0.7073132724341752 0.03446623093681917 0.11597528210639442